          12
   6.3000000000000007     
  -268581.565726584077175520457597679421         661718.003771373568809503005194727646         1298802.79702683193691950401527090983       -0.98535341670794907       -5.0896140699744441        1.5018295841259377     
  -668590.441218902430259715063409764419         529953.595655463958004007855168149277        -705664.012021474833958882598716755253         4.0068478861188401       0.91773074549693645       -4.6950950697127585     
   833189.712219061003107011900148393153        -1776720.54936578278855141063280465010         1512447.16940609222812773963229293627         2.8096919076897917       -1.3135977232994620       -4.6704276184163671     
  -1353235.50795390896513486040653173600        -885638.288457675038073143672090470370        -2125504.50567472548739611238888258525         3.4893089181775574        1.8807654666131983       -4.1797419908372113     
  -367992.583007174873774361950062861124         220552.597895766116835073776814013503        -462249.576170329129184359438359264184        -1.3592380342998802        3.1247977325910195        1.1064289042557169     
  -715561.198977671186726266822075714939         369969.839367397691982688980871785142        -390279.676021224627817551370290161105        -3.4570593767043589       -1.5083404758117649        2.9921617688740270     
   147161.505387389011717046047866830340         1179415.61972578183293800300757148145         517715.283392627169322802652140502729        -1.2306115665072261       -1.9537420045830749        4.2408400780010620     
  -190404.040992664476809565732295936880         13452.4977618244920964808626490105676        -251414.474242205730962434886699430330       -0.31022141843490048       0.27128885045929180       -1.0900021264248581     
   3177778.93280873727144343018381766872        -517928.989681214781207358395231921104         869756.973714500586102561441870228932       -0.32860180595940552        4.4453490154535222        1.4629165845892189     
  -593764.812488280807238318449448044618         205225.673281064500416570620111578181        -263609.979490091888912541669975908571        -2.6347630932635338      -0.77463753702704896        3.3310898856157771     
   3.14413964087348394535774073754730296E-0003  -1.23572600603453798409972486105345979        -2.20004657317528434367438788051365892E-0006   5.0269357224712666E-004 -0.19612860201349314       -6.9842207387477114E-007
  0.685368881380668805094894327489818409         123.572669342201792469504439964111953        -2.20010272825015235952446507858605624E-0006  -5.0338294813761432E-002   19.612882023186263       -6.9845058588768509E-007
