          12
   15.900000000000000     
  -268591.025119247898886337608953533969         661669.143476268379070662859486873256         1298817.21458979013262535627537541679       -0.98535338825480878       -5.0896140769388429        1.5018293654980099     
  -668551.975477837785616449461367771740         529962.405866517621854399670150437274        -705709.084928257099462727041094822723         4.0068481689893911       0.91772989072196975       -4.6950938433080207     
   833216.685261276003961483174187208107        -1776733.15990363388456107559681962362         1512402.33330075051575202375320206016         2.8096918871018630       -1.3135976623453587       -4.6704276611068103     
  -1353202.01058807739816174482150312738        -885620.233108929219741403218446595981        -2125544.63119741210287793898858765827         3.4893089633984928        1.8807655220986959       -4.1797419022075504     
  -368005.631697972243557906951161307061         220582.595953880461124444788412191077        -462238.954447215841789785182730510039        -1.3592392151269794        3.1247977078604334        1.1064300776420721     
  -715594.386739332740235196322897692793         369955.359293267903324312042556698551        -390250.951267386928987157060921830964        -3.4570576360949965       -1.5083416345675160        2.9921619473618617     
   147149.691515751456779774362093604613         1179396.86380158418163441645387656829         517755.995457060727910863975886890372        -1.2306116913163361       -1.9537422032606695        4.2408400123229271     
  -190407.019123556168456363435481648605         13455.1021392782116595898596195235437        -251424.938265383932804666735905119161       -0.31022251732949052       0.27128978572982793       -1.0900027023431180     
   3177775.77823113345878491933262088839        -517886.314330638244349597705262766549         869771.017713671602867460053709613944       -0.32860186150161752        4.4453490213248479        1.4629165760392280     
  -593790.106212134665465453665644801646         205218.236766403198092517681794255667        -263578.001035615657746882064538240793        -2.6347627096515356      -0.77463635073846682        3.3310881302794426     
   7.96506077640123132040409978382733414E-0003  -3.11854376681473252153412034637369743        -1.40131177904310817161290391566313686E-0005   5.0166096503541119E-004 -0.19612583077438686       -1.7626218687484279E-006
  0.202110753569539373242095262050987969         311.854814521544403765895836500021687        -1.40141279117260642587327495635140395E-0005  -5.0340077721195080E-002   19.612638151738945       -1.7628167928970407E-006
