          12
   16.900000000000002     
  -268592.010472634671746208687853618709         661664.053862191077696833871879533743         1298818.71641914424374028434738814760       -0.98535338529090621       -5.0896140776638727        1.5018293427242129     
  -668547.968629654067732356270137294935         529963.323596363830802080156084921114        -705713.780022036540398204561563844051         4.0068481984460798       0.91772980169634477       -4.6950937155743624     
   833219.494953162033509596686720044573        -1776734.47350129305519852504074984614         1512397.66287308718551151513198593790         2.8096918849572212       -1.3135976559959099       -4.6704276655536514     
  -1353198.52127911164447348175421392821        -885618.352343404231215647872954566135        -2125548.81093930969428517930852606808         3.4893089681088667        1.8807655278783464       -4.1797418929752475     
  -368006.990937248867743550833631083206         220585.720751587027339305812079217607        -462237.848017077092040154227409187749        -1.3592393381211139        3.1247977052715847        1.1064301998570207     
  -715597.843796878174442598091742340242         369953.850951572982834200633561749790        -390247.959105430262753410678433496616        -3.4570574547731421       -1.5083417552735310        2.9921619659711229     
   147148.460904053640030948633121710135         1179394.91005937057321609538473872201         517760.236297069629989048214491198492        -1.2306117043171534       -1.9537422239561568        4.2408400054812070     
  -190407.329346130731254727841417206957         13455.3734291126530845668281127780470        -251426.028268116267644616126653023251       -0.31022263179605408       0.27128988315299452       -1.0900027623262967     
   3177775.44962926906433451598212036590        -517881.868981616613719093862311382263         869772.480630247196778349550450037909       -0.32860186728728275        4.4453490219363969        1.4629165751485882     
  -593792.740974824341882589252561430755         205217.462130114246457254792432856037        -263574.669947576799771884289436130184        -2.6347626697015927      -0.77463622716473834        3.3310879474366448     
   8.46666760117464740990076213500437063E-0003  -3.31466953206011144409184887571484524        -1.58311646328920320531000927296965954E-0005   5.0155268062129267E-004 -0.19612570164414414       -1.8734716798800759E-006
  0.151770618990993197942743556105860137         331.467447852286401760446565845086297        -1.58323824674047134869510171777600571E-0005  -5.0340191037872850E-002   19.612628702522667       -1.8736924492600480E-006
