          12
   9.5000000000000000     
  -268584.718857502367725720224950203271         661701.717006345934700232234160210990         1298807.60288138453855399799541370251       -0.98535340722363463       -5.0896140722967385        1.5018295112500670     
  -668577.619305515953235660108755489212         529956.532393393619759932636897881153        -705679.036325043771525571166813861580         4.0068479804264046       0.91773046054598850       -4.6950946608786470     
   833198.703233154630446732427095923896        -1776724.75287846483819952988630896931         1512432.22403769052722865377236249884         2.8096919008272758       -1.3135977029815487       -4.6704276326466712     
  -1353224.34216534667862396163762195297        -885632.270008152283252941352753584449        -2125517.88084904889748011093120183544         3.4893089332514693        1.8807654851085363       -4.1797419612940780     
  -367996.932569514439176114844465281804         220562.597248497264421621998353728589        -462246.035597209658685339981748496663        -1.3592384279256988        3.1247977243721183        1.1064292954092250     
  -715572.261566748345914144885382413034         369965.012677257099539521147946175014        -390270.101103469097944320201909462741        -3.4570587965174342       -1.5083408620592520        2.9921618283375495     
   147157.567430309623258392790479120994         1179409.36775126120537116379272113429         517728.854080841745271618284385262128        -1.2306116081105178       -1.9537420708091244        4.2408400561088282     
  -190405.033701789551456459820277800088         13453.3658866447758386028417249002938        -251417.962249317476871540568972296363       -0.31022178473623169       0.27128916221777438       -1.0900023184136609     
   3177777.88128292857889802788297350919        -517914.764564362198390085552102135562         869761.655047566711664248573776525531       -0.32860182447344133        4.4453490174107246        1.4629165817392527     
  -593773.243729974622711433419608440005         205223.194441578693884054032658958976        -263599.320003394114888352991465936266        -2.6347629653742417      -0.77463714160138941        3.3310893004945146     
   4.75221552977599613203389325444270241E-0003  -1.86333488042719596722643360386939548        -5.00258606497590992455059183094065365E-0006   5.0235249234748393E-004 -0.19612712993905143       -1.0531637128254489E-006
  0.524284667903429030087628440193192603         186.333644345957794158374909443409706        -5.00279146558539706440519032362677971E-0006  -5.0339201920298324E-002   19.612745899877712       -1.0532312281902503E-006
