          12
  0.10000000000000001     
  -268575.456535343523181050193887609009         661749.559378593456368126222155723352         1298793.48568297264613192885940318185       -0.98535343508362061       -5.0896140654726372        1.5018297253226374     
  -668615.283675229812577563925368728753         529947.905723130211664411762934046024        -705634.902429586831071721452213196769         4.0068477033484440       0.91773129766329209       -4.6950958619214376     
   833172.292129192109277884905615962936        -1776712.40505977629825374649735758572         1512476.12605724093776451237014502027         2.8096919209855566       -1.3135977626650743       -4.6704275908447084     
  -1353257.14166911112644594123721741848        -885649.949203456951100343433058714761        -2125478.59127420485383918881128195720         3.4893088889710802        1.8807654307779929       -4.1797420480767826     
  -367984.155733726545104811905262387482         220533.224149774857252579761679456272        -462256.436027185978727645108560251353        -1.3592372716020933        3.1247977484450469        1.1064281463254426     
  -715539.765206050983520290359463089684         369979.191076027856505349624693934637        -390298.227423834717212724546575586248        -3.4570605007704018       -1.5083397274698929        2.9921616537557494     
   147169.135178851474993848189587453125         1179427.73292581247652108576429164097         517688.990184012075795333332473013839        -1.2306114859001223       -1.9537418762695780        4.2408401204159052     
  -190402.117622070299357865433287351220         13450.8157728241551289144391084784398        -251407.716230175140044151984863862730       -0.31022070871715673       0.27128824642257793       -1.0900017544008804     
   3177780.97013982302007196084105145037        -517956.550845098836941333082517502344         869747.903631659015547090630371407328       -0.32860177008856079        4.4453490116611700        1.4629165901109409     
  -593748.476956334310101516916757802307         205230.476036169066837713828577172125        -263630.632250897154287069087397199492        -2.6347633411020328      -0.77463830315324489        3.3310910193142593     
   3.10340009116074404759387517227509079E-0005  -1.96490262451790788540695320563145287E-0002  -5.54315977126115584073755351956138836E-0010   4.4994243107992983E-004 -0.19635200258188804       -1.1086318179604914E-008
  0.996896545195624556430719423461006556         1.96490264183679777532098853498609969        -5.54313420860349369130146986802536461E-0010  -4.4995337372196874E-002   19.635200604566599       -1.1086269743781974E-008
