          12
   1.3000000000000000     
  -268576.638959463489589221594361356789         661743.451841714366256289678869251273         1298795.28787862663628069202770287668       -0.98535343152705812       -5.0896140663441960        1.5018296979942747     
  -668610.475457964566193466093291242153         529949.007000623280139786123316136823        -705640.536544529132190199703922317510         4.0068477387284549       0.91773119078477583       -4.6950957085811904     
   833175.663759495747945193557804088897        -1776713.98137708692487545866361964277         1512470.52154412872221499834213265245         2.8096919184122195       -1.3135977550459588       -4.6704275961812041     
  -1353252.95449844096937696109328452817        -885647.692284935855968499665291648905        -2125483.60696465589882047942937859373         3.4893088946240272        1.8807654377138889       -4.1797420369981833     
  -367985.786818541042158828796027059125         220536.973907071154871887596060631143        -462255.108313322365794072075634302289        -1.3592374192259364        3.1247977453837419        1.1064282930288676     
  -715543.913678521374379491754025295362         369977.381068267989260420183228461618        -390294.636829836847897622978953435779        -3.4570602832139827       -1.5083398723089529        2.9921616760272025     
   147167.658445059033973790938443215727         1179425.38843554605207028849744865804         517694.079192151649377889791048268349        -1.2306115015015722       -1.9537419011045023        4.2408401122067207     
  -190402.489887003179375193318012549082         13451.1413187900087318038451350554747        -251409.024232323626931984019983179472       -0.31022084608279882       0.27128836333338868       -1.0900018264102231     
   3177780.57581769474815906841892731979        -517951.216426284403116848060744104014         869749.659131566507449774206528481058       -0.32860177703129484        4.4453490123952024        1.4629165890422293     
  -593751.638672314847760526735909181213         205229.546470294251702323765074176253        -263626.634941805634219959927344589796        -2.6347632931278349      -0.77463815487188992        3.3310907998860668     
   6.29578383494008855737929242213368752E-0004 -0.255062587080719666097344822119907803        -9.36791237226299679347610068924000838E-0008   5.0291047764100115E-004 -0.19614431213403460       -1.4412149845895774E-007
  0.937032915135586995212949382172418211         25.5062616349649221858530978579437942        -9.36792382831045924853772739146836687E-0008  -5.0305273156584361E-002   19.614435716316216       -1.4412213032147409E-007
