          12
   8.5999999999999996     
  -268583.832039434666092383916652375216         661706.297659010707893670975021649409         1298806.25123481519013540629037262172       -0.98535340989110454       -5.0896140716436769        1.5018295317464163     
  -668581.225468686402093806352975313651         529955.706435943065600510152451940726        -705674.810739797239347974354695125455         4.0068479539041597       0.91773054068581850       -4.6950947758599506     
   833196.174510443017353921804080130215        -1776723.57064052958331328909841184673         1512436.42742255810821921195030714813         2.8096919027573710       -1.3135977086959740       -4.6704276286444140     
  -1353227.48254338469716872123960182957        -885633.962697086540128995715559501202        -2125514.11908127999375084106192801413         3.4893089290119579        1.8807654799067401       -4.1797419696030929     
  -367995.709254979123451493277507928779         220559.784930544288042801081006771814        -462247.031383526022893549920905753604        -1.3592383172201337        3.1247977266861739        1.1064291853997996     
  -715569.150213758049481448136885930492         369966.370183984068191176932671737639        -390272.794049107074220660921204384396        -3.4570589596966443       -1.5083407534266979        2.9921618116101567     
   147158.674980751657321641110431897904         1179411.12611911655185909285070700046         517725.037324788476564413267078101895        -1.2306115964096183       -1.9537420521830666        4.2408400622660674     
  -190404.754502229648698941844031651283         13453.1217264382366903895023174664298        -251416.981247255202334084236703848341       -0.31022168171429898       0.27128907453586659       -1.0900022644184322     
   3177778.17702456826181085893824607144        -517918.765378477620340786298225310684         869760.338422642785635908669328308874       -0.32860181926636517        4.4453490168602707        1.4629165825408090     
  -593770.872443289600862072575848671392         205223.891615056181393822468117527068        -263602.317983838613891880250372778955        -2.6347630013412227      -0.77463725281524742        3.3310894650589447     
   4.30005476925057295527589709682736441E-0003  -1.68682032746877983092961827971123512        -4.09963528155274454240374498932228307E-0006   5.0244914343922965E-004 -0.19612744149923944       -9.5339347327071881E-007
  0.569589869803280141920135207223019336         168.682160837577750728266678947875334        -4.09978570255514089521852419286500386E-0006  -5.0339019089538292E-002   19.612773938481464       -9.5344835210552856E-007
