          12
   12.900000000000000     
  -268588.069059069796941013805874343131         661684.412318495932420851033395337052         1298812.70910159115657877969274291993       -0.98535339714647874       -5.0896140747632685        1.5018294338193392     
  -668563.996022212187238938862487991294         529959.652676444823525064346109170188        -705694.999646152352502485914920171651         4.0068480806091458       0.91773015781405143       -4.6950942265280498     
   833208.256185605047570274597212858254        -1776729.21911061827604740922664783289         1512416.34458371382529878005629431214         2.8096918935357129       -1.3135976813936330       -4.6704276477661981     
  -1353212.47851494639677837445723707074        -885625.875405469507290914335240206180        -2125532.09197166393493011194992803324         3.4893089492672114        1.8807655047596448       -4.1797419299044032     
  -368001.553980880347290636183665846202         220573.221560745246237959281687679426        -462242.273736898784438388463752245295        -1.3592388461347398        3.1247977156125506        1.1064297109827386     
  -715584.015565608517566052765301876119         369959.884317628431720467698795573605        -390259.927753145294261282808312429881        -3.4570581800510771       -1.5083412724520626        2.9921618915530694     
   147153.383350766901944288342907185542         1179402.72502810083382998927459262015         517743.272936992971705277769012276663        -1.2306116523137358       -1.9537421411741001        4.2408400328478066     
  -190406.088456519281588524250548033490         13454.2882703594275050080959627019079        -251421.668257546838333263275189199952       -0.31022217392796197       0.27128949345936842       -1.0900025223841785     
   3177776.76403669192816702734373512915        -517899.650377699466868803230834572541         869766.628963939477324591665330366608       -0.32860184414464233        4.4453490194901493        1.4629165787111298     
  -593782.201923825923838430974610602704         205220.560676011492724102339146874373        -263587.994300829294699519508293761301        -2.6347628295122774      -0.77463672145738771        3.3310886788131997     
   6.45959081930072551483955345386078761E-0003  -2.53016559999444154297268405606757824        -9.22408185417324013978032198229570125E-0006   5.0198560249485125E-004 -0.19612630637697775       -1.4300675287765920E-006
  0.353130454656183253794735424357931208         253.016848203738106498628113172344456        -9.22461268355097900475151656182713817E-0006  -5.0339715868457736E-002   19.612675320585076       -1.4301945392808449E-006
