          12
   9.8000000000000007     
  -268585.014463524401443161791075420194         661700.190122124213023972003622219543         1298808.05343023688875747499726909248       -0.98535340633447688       -5.0896140725144114        1.5018295044179488     
  -668576.417251120499241209215735004484         529956.807712527776628374568540502665        -705680.444853436286136221010645286312         4.0068479892668476       0.91773043383316821       -4.6950946225521157     
   833199.546140724782126562666384472806        -1776725.14695777544694349000670152696         1512430.82290940053311172711902887755         2.8096919001839087       -1.3135977010767379       -4.6704276339807533     
  -1353223.29537266649120579415643828010        -885631.705778506490601300707166121408        -2125519.13477163687025594819290930103         3.4893089346646353        1.8807654868424655       -4.1797419585244056     
  -367997.340341048352124406722318816774         220563.534687814460296987660870016147        -462245.703668415535505499423390984882        -1.3592384648272586        3.1247977236003335        1.1064293320785992     
  -715573.298684379142147292424125382152         369964.560174993050124422868663032212        -390269.203454919760229335293777452863        -3.4570587421240795       -1.5083408982701811        2.9921618339139173     
   147157.198246826605057764500994466052         1179408.78162863903132998364964301183         517730.126332858270059872266011247162        -1.2306116120108133       -1.9537420770178071        4.2408400540564068     
  -190405.126768330123415255800134460185         13453.4472733978252625391876101668127        -251418.289250015700693230283058188228       -0.31022181907682084       0.27128919144504815       -1.0900023364117883     
   3177777.78270238097651151467672170345        -517913.430959656947646713660571293740         869762.093922541193363263612448044127       -0.32860182620913386        4.4453490175942099        1.4629165814720668     
  -593774.034158862436681737929644597813         205222.962050441774168890743390569741        -263598.320676612194730960944122344354        -2.6347629533855756      -0.77463710453003576        3.3310892456398653     
   4.90291643595618801453267857071161018E-0003  -1.92217300542166010185810010035822870        -5.32352367056133828932179037142166565E-0006   5.0232021101804972E-004 -0.19612703754153971       -1.0864203121441149E-006
  0.509182899084086234431237652509061320         192.217466873066776505973862754217407        -5.32374999743900351836075098660404410E-0006  -5.0339256424268099E-002   19.612737699265221       -1.0864923293690990E-006
