          12
   8.8000000000000007     
  -268584.029110116585037273870956164853         661705.279736196364639736564594585414         1298806.55160072108394594823932433067       -0.98535340929833382       -5.0896140717888070        1.5018295271916728     
  -668580.424099095031861469339840020559         529955.889982049421860615438101271835        -705675.749758749856178578806487067211         4.0068479597981099       0.91773052287678980       -4.6950947503083267     
   833196.736448823525940165581893381869        -1776723.83336007119552232344089626173         1512435.49333703229039226704488729780         2.8096919023284617       -1.3135977074261023       -4.6704276295338047     
  -1353226.78468159880056186467889300925        -885633.586543990443183385166403542878        -2125514.95502967372972924221530277576         3.4893089299540727        1.8807654810626959       -4.1797419677566463     
  -367995.981102645027615919386954068669         220560.409890089573875885707865407415        -462246.810097686498260034669155471599        -1.3592383418214853        3.1247977261721074        1.1064292098465076     
  -715569.841625546362621433676975968322         369966.068515830968796578828161614191        -390272.195616744380490592062349364243        -3.4570589234347082       -1.5083407775672351        2.9921618153271332     
   147158.428858432115376507385295923304         1179410.73537070570133112100141836729         517725.885492800792955186897636998807        -1.2306115990098199       -1.9537420563221919        4.2408400608977956     
  -190404.816546568280937700679000812454         13453.1759842550923520564016971912120        -251417.199247709285927643154956445664       -0.31022170460808324       0.27128909402074614       -1.0900022764174815     
   3177778.11130420429282469293487400894        -517917.876308674236049528978309552922         869760.631005959275986900647859023606       -0.32860182042349295        4.4453490169825942        1.4629165823626853     
  -593771.399395889069829181473592072422         205223.736687608089759682364339177228        -263601.651765949259093570852252597087        -2.6347629933484327      -0.77463722810108315        3.3310894284890091     
   4.40054245338446716633885869018882886E-0003  -1.72604580829734575173409205639529773        -4.29253109891105634711902467573832374E-0006   5.0242769472518586E-004 -0.19612736730237279       -9.7556469486054404E-007
  0.559522061597243502642376813960289894         172.604714947421723186815611938982329        -4.29269276415120203446384250565263980E-0006  -5.0339062653015028E-002   19.612767211553571       -9.7562226913607862E-007
