          12
   11.600000000000001     
  -268586.788099651002042739165315277102         661691.028816792511746495228930342617         1298810.75672330794761535764647586441       -0.98535340099951829       -5.0896140738202940        1.5018294634252196     
  -668569.204924692082583100815607046691         529958.459627164430182257918305888112        -705688.896023549920546229273776717107         4.0068480423062969       0.91773027356103754       -4.6950943925989392     
   833204.603586141638964912083942238070        -1776727.51143362709908132332087271612         1512422.41613965216372111136922118390         2.8096918963236810       -1.3135976896478523       -4.6704276419852233     
  -1353217.01461657646379498460553758573        -885628.320400620810966088128080020449        -2125526.65830714725794292353500125613         3.4893089431435818        1.8807654972460077       -4.1797419419063502     
  -367999.786970484307623022695588055340         220569.159323712770340556775794382805        -462243.712095419782340900592271237835        -1.3592386862335202        3.1247977189650800        1.1064295520902794     
  -715579.521389821239454985563055444712         369961.845161180624253724449346236732        -390263.817563588598944012767466560364        -3.4570584157609616       -1.5083411155365742        2.9921618673781079     
   147154.983145903924026671913960484507         1179405.26489286687241131777459379757         517737.759844944488463253021159893293        -1.2306116354125400       -1.9537421142698692        4.2408400417417900     
  -190405.685167789900502425504136283519         13453.9355941002534336720015822885794        -251420.251254318429897127576133630804       -0.31022202511977703       0.27128936680838894       -1.0900024443975909     
   3177777.19121908442732599255932390822        -517905.429331424287271340929361684839         869764.727172386400276783358642695943       -0.32860183662329612        4.4453490186950884        1.4629165798689454     
  -593778.776732113794132962948379983487         205221.567703853805873434615336670094        -263592.324716266256990550950201068754        -2.6347628814570170      -0.77463688210119874        3.3310889165136590     
   5.80691820031483243378907579956837992E-0003  -2.27520123392297050771496125243231745        -7.45866487514657597754476385380425960E-0006   5.0212609062415909E-004 -0.19612657233705497       -1.2859583624645838E-006
  0.418571972894146447820165959918803367         227.520356435749171813975877398661396        -7.45904709746061908918447534504146730E-0006  -5.0339540104174310E-002   19.612697413652299       -1.2860604307178146E-006
