          12
   16.699999999999999     
  -268591.813401957554284030158658902462         661665.071785006595985948549820676615         1298818.41605327524341736843138672705       -0.98535338588368726       -5.0896140775188732        1.5018293472789732     
  -668548.769999293167840744788743556576         529963.140050401711039984079670839279        -705712.841003290870866619709511624548         4.0068481925548785       0.91772981950126697       -4.6950937411208402     
   833218.933014784999164414416306101458        -1776734.21078176172902376502987786813         1512398.59695862020731831713293846775         2.8096918853861506       -1.3135976572658006       -4.6704276646642837     
  -1353199.21914090517204952819063645816        -885618.728496509691297413715826980531        -2125547.97499093091457766658836092686         3.4893089671667941        1.8807655267224175       -4.1797418948217100     
  -368006.719089383703385418527553873955         220585.095792045921215688607519567189        -462238.069303114619169429886785804863        -1.3592393135224181        3.1247977057895469        1.1064301754142243     
  -715597.152385383593353461478825394718         369954.152619921623420648462143844889        -390248.557537823084773842067241034203        -3.4570574910376402       -1.5083417311322933        2.9921619622490172     
   147148.707026394243448967522613912697         1179395.30080781495054337624783791236         517759.388129068396900717066722030764        -1.2306117017169917       -1.9537422198170609        4.2408400068495551     
  -190407.267301606661371645679015074404         13455.3191711379709468450389803217955        -251425.810267565002032138923582227357       -0.31022260890276587       0.27128986366837399       -1.0900027503297864     
   3177775.51534964240607866838884965052        -517882.758051420988779984184713356381         869772.188046932149243696197893349576       -0.32860186613014941        4.4453490218140868        1.4629165753267164     
  -593792.214022289602573447354627589363         205217.617057362150884944354545247324        -263575.336165169943958488204538426198        -2.6347626776914357      -0.77463625187951413        3.3310879840051326     
   8.36635489916779787652589134294700557E-0003  -3.27544438924669687818527763489839799        -1.54586872860513905333786991127231471E-0005   5.0157433931098693E-004 -0.19612572656165220       -1.8513017830745562E-006
  0.161838654952133678867213020802218182         327.544921932599469999169983225328906        -1.54598614974805303459052429664168792E-0005  -5.0340168559549918E-002   19.612630501511727       -1.8515172552111778E-006
