          12
  0.20000000000000001     
  -268575.555070687016724129057149150764         661749.050417186905472680755746495177         1298793.63586594506452753659819787665       -0.98535343478724080       -5.0896140655452706        1.5018297230452744     
  -668614.882990459330311646623523635874         529947.997496259532659276295790684586        -705635.371939172384288811766817062177         4.0068477062968713       0.91773128875660948       -4.6950958491429082     
   833172.573098384197111354123599369387        -1776712.53641955253301489899980802880         1512475.65901448183105825565919477782         2.8096919207711122       -1.3135977620301487       -4.6704275912894166     
  -1353256.79273822220578387227341021767        -885649.761126913844401444911025311792        -2125479.00924840961535666484794049323         3.4893088894421611        1.8807654313559850       -4.1797420471535673     
  -367984.291657454320418133524861481474         220533.536629549689008648371002507805        -462256.325384370734912268972455207129        -1.3592372839041704        3.1247977481900699        1.1064281585508609     
  -715540.110912100154079927588623988325         369979.040242054506021204787202805172        -390297.928207669248849009461244108353        -3.4570604826407876       -1.5083397395397906        2.9921616556115294     
   147169.012117702819975507864125319192         1179427.53755162474608439769352408186         517689.414268024083181046682278214617        -1.2306114872002445       -1.9537418783391560        4.2408401197318089     
  -190402.148644141743431251156959405091         13450.8429016492845155396258643998304        -251407.825230350880175564234619844932       -0.31022072016431040       0.27128825616515428       -1.0900017604017451     
   3177780.93727964598228783001977737474        -517956.106310197667765899349756608653         869748.049923318022188213283762969708       -0.32860177066712182        4.4453490117223398        1.4629165900218817     
  -593748.740432668220407132587679299746         205230.398572339369351133511742979453        -263630.299141796137147788311461127359        -2.6347633371040828      -0.77463829079648616        3.3310910010285273     
   7.85045028273806909640403217665038937E-0005  -3.92780665631642608194573629276646898E-0002  -2.21726336333068015085739846967145914E-0009   4.8834717760452828E-004 -0.19624817679271361       -2.2172628181517400E-008
  0.992149330864439173675731545309908199         3.92780672559198565374494194202270592        -2.21725421474150484494978640313266218E-0009  -4.8836906288320006E-002   19.624818372026965       -2.2172547465450111E-008
