          12
   6.2000000000000002     
  -268581.467191242391560887434881488286         661718.512732780562627369433936763724         1298802.64684387341045648665838196941       -0.98535341700433288       -5.0896140699018586        1.5018295864033069     
  -668590.841903690894776431885015988094         529953.503882388963053320422164071957        -705663.542511967223851314422455871479         4.0068478831714485       0.91773075440207197       -4.6950950824893480     
   833189.431249870223403785698401691235        -1776720.41800601042685786087466093255         1512447.63644885404753203476391210102         2.8096919079042437       -1.3135977239343948       -4.6704276179716677     
  -1353235.85688480075933930563969465052        -885638.476534221670494853120569889195        -2125504.08770052635751168513822406679         3.4893089177064933        1.8807654660352162       -4.1797419917604328     
  -367992.447083372058839371115390726173         220552.285415992844909075830672762198        -462249.686813218943559587624098083959        -1.3592380219988027        3.1247977328474632        1.1064288920317715     
  -715560.853271732609759357729428685983         369969.990201444669651856225200958769        -390279.975237401422335947257513666374        -3.4570593948349391       -1.5083404637416025        2.9921617670163143     
   147161.628448545597434969531835946545         1179415.81509998218776819388087240279         517714.859308619335008089171190626117        -1.2306115652071192       -1.9537420025135077        4.2408400786851859     
  -190404.009970523205667682875574797674         13452.4706329399332910876003893685389        -251414.365241993388471344741674773353       -0.31022140698793332       0.27128884071681286       -1.0900021204249495     
   3177778.96566891783845600868464720254        -517929.434216116323503770686453862008         869756.827422842122726843672730900848       -0.32860180538084249        4.4453490153923587        1.4629165846782797     
  -593764.549011971281041712512616115333         205225.750744818820971371323147458542        -263610.312599081364751265429413606962        -2.6347630972603744      -0.77463754938403839        3.3310899039009638     
   3.09386975982335396805631214101062199E-0003  -1.21611314241765265534503392963472379        -2.13075865627720078242006347886081017E-0006   5.0270404542455429E-004 -0.19612867067202644       -6.8733626272392243E-007
  0.690402708533056876273473548288883705         121.611380815648511793947150749772845        -2.13081200793515870170599558606656982E-0006  -5.0338247900818048E-002   19.612888542660656       -6.8736382173633974E-007
