          12
   8.3000000000000007     
  -268583.536433411565388734629916678283         661707.824543232168336229868099707144         1298805.80068595464139488558641399870       -0.98535341078025995       -5.0896140714259754        1.5018295385785310     
  -668582.427523071247182947451359602503         529955.431116776852801671985476739124        -705673.402211358732223638089431361165         4.0068479450631047       0.91773056739955150       -4.6950948141876250     
   833195.331602872093641153985466019122        -1776723.17656121668880147620589449167         1512437.82855084650142517924964469244         2.8096919034007342       -1.3135977106007803       -4.6704276273103256     
  -1353228.52933606318877628566788029470        -885634.526926730252058847050744550013        -2125512.86515868869737699587973978053         3.4893089275987830        1.8807654781728051       -4.1797419723727627     
  -367995.301483489492731585551177353464         220558.847491226166550685504619266898        -462247.363312276142301264379302905306        -1.3592382803179839        3.1247977274570924        1.1064291487295568     
  -715568.113096061981570404658681283675         369966.822686204664581957581859228420        -390273.691697649720973139556567943475        -3.4570590140894297       -1.5083407172159244        2.9921618060349289     
   147159.044164229995160240902496440175         1179411.71224173127547366400347250712         517723.765072769488887821567879576874        -1.2306115925093142       -1.9537420459743775        4.2408400643184727     
  -190404.661435730285513782367168289522         13453.0403397202600300527815108120318        -251416.654246578576605819357603355251       -0.31022164737359970       0.27128904530853520       -1.0900022464197405     
   3177778.27560511378136634643744307102        -517920.098983182650894458383117324711         869759.899547667983317085150241076930       -0.32860181753067375        4.4453490166767855        1.4629165828079935     
  -593770.082014387400104062465500121022         205224.124006237586650749929462200770        -263603.317310686359815387987959311995        -2.6347630133305437      -0.77463728988646519        3.3310895199139154     
   4.14931520478226743522042960221618557E-0003  -1.62798207760219371684554112711396101        -3.81860577178923288036522284180651530E-0006   5.0248127822260255E-004 -0.19612755887862274       -9.2013657955270669E-007
  0.584691565275460462853965651341958676         162.798327070222590334802603706521040        -3.81874032112510244787465699480323628E-0006  -5.0338949911499099E-002   19.612784637281777       -9.2018753598058303E-007
