          12
   11.000000000000000     
  -268586.196887609868833648927438639827         661694.082585236673352139333825761040         1298809.85562562579320711052266457139       -0.98535340277784011       -5.0896140733850288        1.5018294770894665     
  -668571.609033512162636044783847744050         529957.908988984266664761849791043247        -705686.078966891366258233674324529217         4.0068480246270912       0.91773032698416845       -4.6950944692488550     
   833202.917771003458728151316314836123        -1776726.72327501216747810472013080476         1512425.21839623655441674869026602579         2.8096918976104277       -1.3135976934574851       -4.6704276393170723     
  -1353219.10820194150205774236972455778        -885629.448859918118221198437833852092        -2125524.15046198045232000729543031524         3.4893089403172759        1.8807654937781662       -4.1797419474457049     
  -367998.971427294707928615751790779596         220567.284445080927459773888488214755        -462244.375953129035646253673225158943        -1.3592386124320230        3.1247977205110304        1.1064294787539219     
  -715577.447154739146362277563140352780         369962.750165828219506650134107417224        -390265.612860705678994809945114852200        -3.4570585245492365       -1.5083410431142874        2.9921618562222374     
   147155.721512882831383035762140565329         1179406.43713813170913165871422911843         517735.215340918211915327487582239015        -1.2306116276119734       -1.9537421018525216        4.2408400458466797     
  -190405.499034595432892774774513711134         13453.7728204977047138976493784179307        -251419.597252862589723756827908562876       -0.31022195643890188       0.27128930835399945       -1.0900024084028876     
   3177777.38838018535988749165878408651        -517908.096540835394244190410528716466         869763.849422438318594925577564858044       -0.32860183315190744        4.4453490183281321        1.4629165804033202     
  -593777.195874377727292305441109121517         205222.032486005309525101139578318042        -263594.323369649077698752922538361072        -2.6347629054325483      -0.77463695624428053        3.3310890262220729     
   5.50562311153346383687991888455925960E-0003  -2.15752524903771946080191512784551833        -6.70704355966058877722401584899416991E-0006   5.0219086320104787E-004 -0.19612671273463081       -1.2194459734224309E-006
  0.448775670832221122886910094629264734         215.752734462739774207173937270454189        -6.70736774871440102678702055058433724E-0006  -5.0339452141561804E-002   19.612709375130706       -1.2195374458162525E-006
