          12
   13.900000000000000     
  -268589.054412465461478418036339599336         661679.322704420806508610695129135618         1298814.21093101358903568053049237826       -0.98535339418259504       -5.0896140754885417        1.5018294110455730     
  -668559.989174116847062553314340327354         529960.570406558120751127675257530214        -705699.694740315008694768504904359886         4.0068481100709246       0.91773006878082319       -4.6950940987848657     
   833211.065877497510982107677968144827        -1776730.53270829649497477628200536861         1512411.67415606383565628660081703316         2.8096918913911089       -1.3135976750442200       -4.6704276522130836     
  -1353208.98920599477433772790113675196        -885623.994639961857794399160692666607        -2125536.27171358922319565910585836831         3.4893089539776652        1.8807655105393453       -4.1797419206721260     
  -368002.913219787981693301675556462269         220576.346358459568171942787317973956        -462241.167307126690402367561877339264        -1.3592389691337923        3.1247977130309161        1.1064298332049309     
  -715587.472623697910219185719382650771         369958.375976295627334264306540490005        -390256.935591244441572932947215335263        -3.4570579987339647       -1.5083413931567817        2.9921619101528347     
   147152.152739108087760362584273110532         1179400.77128594931195762816611427590         517747.513777022398725208210401582661        -1.2306116653146280       -1.9537421618696413        4.2408400260062269     
  -190406.398678750443317221724415233564         13454.5595599015987100216447253098191        -251422.758260099216582750117077171830       -0.31022228839544436       0.27128959088301491       -1.0900025823720592     
   3177776.43543484489069745576629577574        -517895.205028679670930031260223103100         869768.091880517743139012921127495260       -0.32860184993029734        4.4453490201017258        1.4629165778204987     
  -593784.836686635458264417842810800636         205219.786039351821602730333027331243        -263584.663212241904314083559279779929        -2.6347627895568779      -0.77463659788479189        3.3310884959677201     
   6.96152234580622329343643425736409824E-0003  -2.72629181639891290467661577601177214        -1.07095755833081653119182835648925669E-0005   5.0187743962954638E-004 -0.19612612996787990       -1.5409197931988072E-006
  0.302790675422007626692169970916701516         272.629516258973631309681096013264323        -1.07102438060294423100945321718695946E-0005  -5.0339841502222461E-002   19.612661143477769       -1.5410678369530662E-006
