          12
   11.700000000000001     
  -268586.886634991087174861777026046990         661690.519855385126091843559503757914         1298810.90690625417626804936899187489       -0.98535340070313104       -5.0896140738928350        1.5018294611478449     
  -668568.804239887704630981246078924535         529958.551400191341097164524770457561        -705689.365532988541694585414854046191         4.0068480452527719       0.91773026465727114       -4.6950943798240656     
   833204.884555331260609100731961973480        -1776727.64279339603211912487351620262         1512421.94909688794296580930665019337         2.8096918961092228       -1.3135976890129131       -4.6704276424299156     
  -1353216.66568568212588557048980941740        -885628.132324071057467287462483529505        -2125527.07628134140241515660507687356         3.4893089436146316        1.8807654978239807       -4.1797419409831242     
  -367999.922894353545984300573601366578         220569.471803484653960584537246702997        -462243.601452463962181070487450496055        -1.3592386985337124        3.1247977187073372        1.1064295643129212     
  -715579.867095661908978353221710833080         369961.694327068467077043703028493845        -390263.518347401768163462202343438877        -3.4570583976295266       -1.5083411276069705        2.9921618692375302     
   147154.860084740317768432669165434835         1179405.06951865534194723637573254402         517738.183928948628433302983631314460        -1.2306116367126334       -1.9537421163394264        4.2408400410576403     
  -190405.716189992984820136234791476693         13453.9627230374213921130972654305320        -251420.360254563169609082065314442638       -0.31022203656657887       0.27128937655078161       -1.0900024503966532     
   3177777.15835890073606825980724599465        -517904.984796522414706171850706795094         869764.873464044382717681381245178285       -0.32860183720186098        4.4453490187562474        1.4629165797798829     
  -593779.040208401740040679673837686920         205221.490240166213613495785339502207        -263591.991607375519861091547335618652        -2.6347628774611587      -0.77463686974400514        3.3310888982289546     
   5.85713026937370367165950832410992177E-0003  -2.29481389004374541776623552813418883        -7.58781497993876700417909490803067183E-0006   5.0211529034203462E-004 -0.19612655013216052       -1.2970437320162951E-006
  0.413538018174004416536862840936272789         229.481626083140339084076586573246459        -7.58820750005582959345131186542458885E-0006  -5.0339554277453104E-002   19.612695539542781       -1.2971476225019591E-006
