          12
   1.2000000000000002     
  -268576.540424120322064507813270006760         661743.960803120997043994619968287933         1298795.13769565672298522550354160651       -0.98535343182343871       -5.0896140662715705        1.5018297002716388     
  -668610.876142738291626562651681631117         529948.915227503756342363797765537825        -705640.067034957635163099120001461940         4.0068477357802141       0.91773119969117933       -4.6950957213593698     
   833175.382790303896001337737864389538        -1776713.85001731138853342037015048396         1512470.98858688831809936973515906544         2.8096919186266649       -1.3135977556808858       -4.6704275957364967     
  -1353253.30342933040822538499348137716        -885647.880361479598457665843025399279        -2125483.18899045215284176758574474773         3.4893088941529498        1.8807654371358986       -4.1797420379214012     
  -367985.650894799734660037776046159761         220536.661427296603735873957718993655        -462255.218956151057423241299976224306        -1.3592374069240398        3.1247977456389826        1.1064282808037149     
  -715543.567972492146492090342446701382         369977.531902254616658196031409033829        -390294.936046004357810823085506157769        -3.4570603013437715       -1.5083398602390075        2.9921616741710739     
   147167.781506209119124851845139545493         1179425.58380973605904146526701659079         517693.655108140394501287021022939412        -1.2306115002014526       -1.9537418990349265        4.2408401128908224     
  -190402.458864919143451326888349939293         13451.1141899541625208964941290412649        -251408.915232141285944286593079244334       -0.31022083463567879       0.27128835359082987       -1.0900018204095308     
   3177780.60867787242236044800182404021        -517951.660961185639578069845878616188         869749.512839907598774065112245956711       -0.32860177645273353        4.4453490123340336        1.4629165891312887     
  -593751.375195985335090000479807415019         205229.623934110356731258542617446482        -263626.968050886537107781834032849129        -2.6347632971255850      -0.77463816722869028        3.3310908181717007     
   5.79289760410594845594159374435605514E-0004 -0.235448076417972633565117712706182829        -7.98212848108148188313734459270005285E-0008   5.0285946555596989E-004 -0.19614594439158548       -1.3303527841435658E-007
  0.942063145270295487955372962241007428         23.5448101357178437853523433886948624        -7.98213436025122230462873097793513130E-0008  -5.0299077690364472E-002   19.614598595693288       -1.3303576462262405E-007
