          12
   6.9000000000000004     
  -268582.156938633568453472708764673268         661714.950002931453495550548904446967         1298803.69812457831321653033140872687       -0.98535341492964490       -5.0896140704099366        1.5018295704617199     
  -668588.037110165453728612915962337077         529954.146293895227035830090139834070        -705666.829078493663892250641334058470         4.0068479038028331       0.91773069206665603       -4.6950949930538837     
   833191.398034205230967674329356498248        -1776721.33752441562534842908332999292         1512444.36714952037785052822160825059         2.8096919064030792       -1.3135977194898623       -4.6704276210845617     
  -1353233.41436855721068748365787381967        -885637.159998394029787818307053459700        -2125507.01351991832792270599172823607         3.4893089210039365        1.8807654700810870       -4.1797419852978805     
  -367993.398550017595567505029330312991         220554.472774405209738660992302428088        -462248.912312964572761432467257192181        -1.3592381081059999        3.1247977310518520        1.1064289775988827     
  -715563.273213264574224955233416878312         369968.934363090478612276470471442743        -390277.880724159959377361287513608078        -3.4570592679205450       -1.5083405482328307        2.9921617800209672     
   147160.767020446767190315526807609094         1179414.44748057535787403081184443474         517717.827896672738531863502964291952        -1.2306115743078629       -1.9537420170004731        4.2408400738963037     
  -190404.227125536142276755852131842073         13452.6605351523041264057063554071543        -251415.128243492385642024325165255754       -0.31022148711663883       0.27128890891413193       -1.0900021624239811     
   3177778.73564765265438655202946682796        -517926.322471805399000894183370036198         869757.851464451179323507035712204028       -0.32860180943078460        4.4453490158205051        1.4629165840548528     
  -593766.393346129571126836389494130259         205225.208498564526785629139049582635        -263607.980836193432743732408818360109        -2.6347630692828732      -0.77463746288503244        3.3310897759048435     
   3.44573685161248656841099374803505384E-0003  -1.35340305236905357336510413723829060        -2.63905424077150174861977241795943281E-0006   5.0263036813469396E-004 -0.19612822976117875       -7.6493676904574851E-007
  0.655165828140537041124205966391436107         135.340387692237687305985005536967947        -2.63912929100043013985426675157737515E-0006  -5.0338539775281840E-002   19.612846876228819       -7.6497133759617512E-007
