          12
   13.300000000000001     
  -268588.463200428418422377383617538623         661682.376472865969087114954572115292         1298813.30983336286241400102381415857       -0.98535339596092597       -5.0896140750533876        1.5018294247098338     
  -668562.393282977586587175699572860260         529960.019768500826413364971495534306        -705696.877683832744175999917013442043         4.0068480923940601       0.91773012220045602       -4.6950941754303939     
   833209.380062362290288457491449491982        -1776729.74454969032554831961517871610         1512414.47641265436306644935060550239         2.8096918926778729       -1.3135976788538690       -4.6704276495449539     
  -1353211.08279136631305543776171429467        -885625.123099267141055781585035067162        -2125533.76386843515811086736677637530         3.4893089511513962        1.8807655070715270       -4.1797419262114932     
  -368002.097676428641159316295650150151         220574.471479831284799237077764999516        -462241.831165004613496342820572193611        -1.3592388953345576        3.1247977145801857        1.1064297598719053     
  -715585.398388866032675646761118670750         369959.280981109794529984560185198469        -390258.730888387185144094496669353577        -3.4570581075244222       -1.5083413207338985        2.9921618989925958     
   147152.891106104936377439627026575399         1179401.94353124270854538456210214301         517744.969273005563504225148840909283        -1.2306116575140955       -1.9537421494523188        4.2408400301111797     
  -190406.212545398010181015824304751061         13454.3967861646051488763638076529001        -251422.104258560591081536475244195821       -0.31022221971499170       0.27128953242884624       -1.0900025463795189     
   3177776.63259595380745766676246211166        -517897.872238091621880934851684941104         869767.214130570890526584704738333143       -0.32860184645890400        4.4453490197347820        1.4629165783548777     
  -593783.255828954532264931199803115220         205220.250821332795565318810049326702        -263586.661865372397083075824975040287        -2.6347628135298993      -0.77463667202839481        3.3310886056749007     
   6.66037640924289200608640268419513575E-0003  -2.60861610779871455146131098423722960        -9.80497707082548317405558429107556482E-0006   5.0194234527800368E-004 -0.19612623324905323       -1.4744085326774913E-006
  0.332994558059167963809258164453730444         260.861917134424473069254091228685866        -9.80556033997005497899676199643308245E-0006  -5.0339766921379168E-002   19.612669393313396       -1.4745437638264865E-006
