          12
   11.500000000000000     
  -268586.689564310887270145920130426372         661691.537778199890155942461955618254         1298810.60654036149122250586029903027       -0.98535340129590554       -5.0896140737477520        1.5018294657025946     
  -668569.605609496165894075569435805967         529958.367854136628887831198669866595        -705688.426514110021900542989436999575         4.0068480393598058       0.91773028246482935       -4.6950944053738466     
   833204.322616951995869937843686159368        -1776727.38007385810254725796580865795         1512422.88318241634001553400923345549         2.8096918965381392       -1.3135976902827913       -4.6704276415405319     
  -1353217.36354747075460562939219766317        -885628.508477170506670896979184437493        -2125526.24033295302114065795651143274         3.4893089426725314        1.8807654966680345       -4.1797419428295761     
  -367999.651046616299279360356444534828         220568.846843940860941983049814396612        -462243.822738374380237315218050708788        -1.3592386739333115        3.1247977192227987        1.1064295398676134     
  -715579.175683978756782875646491604042         369961.995995291574393656865993307300        -390264.116779775243789185127374352634        -3.4570584338923802       -1.5083411034661822        2.9921618655187170     
   147155.106207067400277767219574087666         1179405.46026707819592313828960250541         517737.335760940280070713162552387117        -1.2306116341124465       -1.9537421122003118        4.2408400424259396     
  -190405.654145587960864499760260670780         13453.9084651640597140906303735841116        -251420.142254074290090243151418736283       -0.31022201367297220       0.27128935706599466       -1.0900024383985130     
   3177777.22407926806072783162439299151        -517905.873866326153728507015738813361         869764.580880728408927039452813723087       -0.32860183604473131        4.4453490186339293        1.4629165799580079     
  -593778.513255825448633886222138400541         205221.645167542633853927105946901564        -263592.657825158822596824755857269902        -2.6347628854528935      -0.77463689445838857        3.3310889347983723     
   5.75670505129197933297637360117171568E-0003  -2.25558857556545099909764418022461996        -7.33062330771843905140011757521842271E-0006   5.0213688961298628E-004 -0.19612659486845280       -1.2748729847351671E-006
  0.423605926190510507714373847343303225         225.559086599321536509288321781241393        -7.33099541364913854766481944200094740E-0006  -5.0339525801025117E-002   19.612699320412172       -1.2749732468274737E-006
