          12
   5.3000000000000007     
  -268580.580373165887308375885528244350         661723.093385443180316366571513953002         1298801.29519723642413708696030649755       -0.98535341967178425       -5.0896140692485563        1.5018296068996257     
  -668594.448066773811901216617026300021         529952.677924673935030921482353116758        -705659.316926341237800394999846176303         4.0068478566441597       0.91773083454943238       -4.6950951974800885     
   833186.902527152241058682826668757599        -1776719.23576805631442701091243785419         1512451.83983370842099496581811823858         2.8096919098343025       -1.3135977296487851       -4.6704276139693643     
  -1353238.99726282478736815279851679602        -885640.169223138761359128781347482852        -2125500.32593273003407846345469422998         3.4893089134669046        1.8807654608333708       -4.1797420000694219     
  -367991.223769202079512966557239828090         220549.473098032243937408934941757355        -462250.682599172264831750732011483885        -1.3592379112883692        3.1247977351543752        1.1064287820151755     
  -715557.741918203829690479950143000591         369971.347707813152996600383204395265        -390282.668182984213730790171714701830        -3.4570595580094490       -1.5083403551103352        2.9921617502983269     
   147162.735998949018405119912866751965         1179417.57346777606817509241321495503         517711.042552545747644737664239222837        -1.2306115535061457       -1.9537419838873966        4.2408400848422874     
  -190403.730771303276787912683865044994         13452.2264730227452219746193812222042        -251413.384240109305869845104652871008       -0.31022130396509190       0.27128875303443056       -1.0900020664250658     
   3177779.26141054033803424424577122029        -517933.435030229928907392007442211916         869755.510797915551579352278488421702       -0.32860180017377671        4.4453490148418764        1.4629165854798272     
  -593762.177725167559244758387348994717         205226.447918663312359163777842674380        -263613.310580068930750776520222089512        -2.6347631332327563      -0.77463766059677330        3.3310900684680487     
   2.64139404057301844857760797502521655E-0003  -1.03959702731107923737510767558944735        -1.55705367090727470731382607930387472E-0006   5.0279716300759357E-004 -0.19612939934337009       -5.8756359436409168E-007
  0.735706907838674471598753093481981580         103.959751379913391572396008655232436        -1.55708585053335196821213354592128348E-0006  -5.0337711558618388E-002   19.612958292385422       -5.8758330203368532E-007
