          12
   1.4000000000000001     
  -268576.737494806627476087643874302909         661742.942880307728204950599160127948         1298795.43806159632184005080224320502       -0.98535343123067742       -5.0896140664168215        1.5018296957169104     
  -668610.074773190545936315475894495769         529949.098773741913298326359355039372        -705641.006054099351402113292630602315         4.0068477416766779       0.91773118187839775       -4.6950956958030439     
   833175.944728687578445147168260120935        -1776714.11273686239772509117967880235         1512470.05450136908185886734090619398         2.8096919181977742       -1.3135977544110318       -4.6704275966259106     
  -1353252.60556755148342005341255411817        -885647.504208392055679957091396392623        -2125484.02493885955247831810455139133         3.4893088950951046        1.8807654382918793       -4.1797420360749653     
  -367985.922742283579846764812182335900         220537.286386845680483374297908838447        -462254.997670492451650590846473631879        -1.3592374315278171        3.1247977451284767        1.1064283052539960     
  -715544.259384548789288015030463085990         369977.230234280154867529368800660458        -390294.337613669152369344009789742233        -3.4570602650841780       -1.5083398843789029        2.9921616778833631     
   147167.535383908818810479066652163728         1179425.19306135583814110543987574440         517694.503276162835845269830081782898        -1.2306115028016915       -1.9537419031740781        4.2408401115226191     
  -190402.520909088360010978752123733682         13451.1684476268291985712106800798789        -251409.133232506567988342874031548739       -0.31022085752991579       0.27128837307594589       -1.0900018324108998     
   3177780.54295751701610148983768999717        -517950.771891383160537853320715129239         869749.805423225407219857064355927845       -0.32860177760985620        4.4453490124563704        1.4629165889531699     
  -593751.902148643960657505392886079705         205229.469006479382353433385532959209        -263626.301832726559894328574040756048        -2.6347632891301034      -0.77463814251508578        3.3310907816004423     
   6.79871423166153237768738470947482710E-0004 -0.274676946570902873970970725636675525        -1.08645584230008606962799906749574588E-0007   5.0294847018183761E-004 -0.19614291204231799       -1.5520771032562620E-007
  0.932002133916260820141333823252161039         27.4676980515934200666183784278473468        -1.08645769933240493010521992507146591E-0007  -5.0310166667844179E-002   19.614296053522587       -1.5520850401332578E-007
