          12
   11.400000000000000     
  -268586.591028970742860579243999064044         661692.046739607261302199645580657287         1298810.45635741480709485083655518886       -0.98535340159229257       -5.0896140736752091        1.5018294679799691     
  -668570.006294299954547973807161831367         529958.276081107937214578255252783734        -705687.957004668845770849238130395476         4.0068480364132970       0.91773029136864648       -4.6950944181487850     
   833204.041647762331334170018415363785        -1776727.24871408904252164725617868504         1512423.35022518047183247939246886204         2.8096918967525970       -1.3135976909177303       -4.6704276410958405     
  -1353217.71247836499830501484076261672        -885628.696553720144574997166497798441        -2125525.82235875869202318134698614925         3.4893089422014807        1.8807654960900611       -4.1797419437528021     
  -367999.515122749520959808360864862207         220568.534364168925778352569055940070        -462243.933381327755863944460185122077        -1.3592386616330865        3.1247977194804930        1.1064295276449232     
  -715578.829978134460975790237524663010         369962.146829401317491928216085739231        -390264.415995961702691540787801827138        -3.4570584520237828       -1.5083410913957946        2.9921618636593577     
   147155.229268230746517277693907743687         1179405.65564128931247575902685476033         517736.911676936003270893463246160578        -1.2306116328123524       -1.9537421101307542        4.2408400431100883     
  -190405.623123387165907760659733227737         13453.8813362288402344965538987020533        -251420.033253830750193882761778230155       -0.31022200222616425       0.27128934732359883       -1.0900024323994193     
   3177777.25693945163627260432938348420        -517906.318401228014061904942888503438         869764.434589070408673639956398382323       -0.32860183546616650        4.4453490185727702        1.4629165800470705     
  -593778.249779536703550887989377926630         205221.722631232697551836877125630553        -263592.990934053216668921756360433046        -2.6347628894487882      -0.77463690681557451        3.3310889530830945     
   5.70649082243711750986195699320013830E-0003  -2.23597591493811014918061119693959427        -7.20369027847213141092165159787644078E-0006   5.0214768725526766E-004 -0.19612661773494555       -1.2637875988280433E-006
  0.428639878049845216191485533507865568         223.597816570549757037023042016699037        -7.20405244783196435288898935128641727E-0006  -5.0339511362680674E-002   19.612701260681554       -1.2638860708318920E-006
