          12
   8.5000000000000000     
  -268583.733504093662163014686466988575         661706.806620417868631237687804258511         1298806.10105186190162571001349700602       -0.98535341018748979       -5.0896140715711109        1.5018295340237879     
  -668581.626153481645158468348877356341         529955.614662888551791577510657882400        -705674.341230319014561804579210857425         4.0068479509571588       0.91773054959037081       -4.6950947886358110     
   833195.893541252730895085378826081552        -1776723.43928075868196955263839109653         1512436.89446532095042412905672168932         2.8096919029718253       -1.3135977093309097       -4.6704276281997172     
  -1353227.83147427757481039529430244524        -885634.150773634501903471918649035667        -2125513.70110708298728185728920792029         3.4893089285409000        1.8807654793287620       -4.1797419705263161     
  -367995.573331148016473460776176729323         220559.472450771606576428772727993522        -462247.142026443951703808142167373441        -1.3592383049194336        3.1247977269431710        1.1064291731764095     
  -715568.804507861173270887061859113513         369966.521018058807347286789379836599        -390273.093265288142312940470324278396        -3.4570589778275891       -1.5083407413564356        2.9921618097517153     
   147158.798041911233277982582468013097         1179411.32149332166668690201061231457         517724.613240782215752416797749368967        -1.2306115951095171       -1.9537420501135039        4.2408400629502028     
  -190404.723480062049613965974304008466         13453.0945975312702259242465668842566        -251416.872247029060468531538596881341       -0.31022167026740227       0.27128906479342441       -1.0900022584188840     
   3177778.20988475015951907445312107900        -517919.209913379303308173458031404816         869760.192130984527102445170165800859       -0.32860181868780136        4.4453490167991090        1.4629165826298705     
  -593770.608966989266919813229561597751         205223.969078782080772141452329471166        -263602.651092786034034178662688319146        -2.6347630053376450      -0.77463726517232379        3.3310894833439262     
   4.24980931901555948122144526490906458E-0003  -1.66720758141131870791809554965823281        -4.00485021531060315509905180021016278E-0006   5.0245986040429373E-004 -0.19612747978586173       -9.4230785020915357E-007
  0.574623770590434951142802880164062174         166.720883270294854577864285261057375        -4.00499521474221563854853994840789273E-0006  -5.0338996567793177E-002   19.612777420764335       -9.4236140547347357E-007
