          12
   14.700000000000001     
  -268589.842695179859110798856886015425         661675.251013160183604514628097348376         1298815.41239453513788737336331902136       -0.98535339181148351       -5.0896140760687008        1.5018293928265527     
  -668556.783695619362967085207993811430         529961.304590584655398984906954362728        -705703.450815553159549579952392050997         4.0068481336391253       0.91772999755606521       -4.6950939965926022     
   833213.313631009937594473293565044997        -1776731.58358643449853652770548118047         1512407.93781394064218619825157308156         2.8096918896754159       -1.3135976699646810       -4.6704276557705828     
  -1353206.19775883008486432430295121062        -885622.490027551576816480330134329103        -2125539.61550712280656965936787017311         3.4893089577460090        1.8807655151630942       -4.1797419132862998     
  -368004.000611002648022677080086317856         220578.846196629166194184455962457026        -462240.282163221015947727919187526547        -1.3592390675318538        3.1247977109638776        1.1064299309809460     
  -715590.238270038875529775762585060787         369957.169303142476291643117036755947        -390254.541861710366601522851359717935        -3.4570578536791365       -1.5083414897208680        2.9921619250349263     
   147151.168249771675777894006653667693         1179399.20829221319367422269874801097         517750.906449041014392625706386219504        -1.2306116757153234       -1.9537421784260613        4.2408400205329295     
  -190406.646856617789192230827399754401         13454.7765916054806497749369992300568        -251423.630262184309967990328005260630       -0.31022237996920987       0.27128966882181693       -1.0900026303612349     
   3177776.17255336309504897792689581668        -517891.648749463393844267240506695753         869769.262213779714536322429929704426       -0.32860185455882368        4.4453490205909798        1.4629165771079919     
  -593786.944496854318487212943677988648         205219.166330113057092196529596073150        -263581.998341503640469898158693595742        -2.6347627575938679      -0.77463649902644283        3.3310883496919801     
   7.36298967121885860486916672296153763E-0003  -2.88319266874622163196809077057025661        -1.19777839418570729411543920208024485E-0005   5.0179086885269878E-004 -0.19612600276108383       -1.6296010159452142E-006
  0.262518763448100010167310727760003886         288.319641119473570572973031289620849        -1.19785777240042578241829846205087495E-0005  -5.0339937921845011E-002   19.612651193841469       -1.6297670419096077E-006
