          12
   3.2000000000000002     
  -268578.511130978041322903058368831704         661733.781574987001490065849917954236         1298798.14135501171896758119961301511       -0.98535342589581554       -5.0896140677239288        1.5018296547243370     
  -668602.862447207768475972932686879297         529950.750689725013758998354435059142        -705649.457226144794240789469563779291         4.0068477947418035       0.91773102156792818       -4.6950954658018276     
   833181.002174136860408637041963686471        -1776716.47721281005175205721796638505         1512461.64773168795098256348696796891         2.8096919143377339       -1.3135977429823249       -4.6704276046306097     
  -1353246.32481153268081024538538326137        -885644.118830593766872430008529892855        -2125491.54847450953128540086511932826         3.4893089035744471        1.8807654486956762       -4.1797420194570378     
  -367988.369369859618654581239760581466         220542.911022782773914444930385414512        -462253.006099344949918990175657951292        -1.3592376529588619        3.1247977405295919        1.1064285253021802     
  -715550.482092732236307329490854201052         369974.515222292739196016633229646694        -390288.951722618889181581417480160200        -3.4570599387449881       -1.5083401016387441        2.9921617112996675     
   147165.320283182713861173838143514549         1179421.67632589659769016042223377392         517702.136788352494062420619536091222        -1.2306115262037938       -1.9537419404264131        4.2408400992087074     
  -190403.079306817356832131593602497344         13451.6567668561951591911425435421630        -251411.095235902116920253948351149369       -0.31022106357749818       0.27128854844170208       -1.0900019404204004     
   3177779.95147430794566248515344020195        -517942.770263159748148246659393834061         869752.438673084080159060227921408127       -0.32860178802396695        4.4453490135573910        1.4629165873500942     
  -593756.644722499633506842088292998511         205228.074658023035824586113862189039        -263620.305869615905276816910651760390        -2.6347632171740445      -0.77463792009196364        3.3310904524607263     
   1.58530564725740922443243674511137442E-0003 -0.627722453413151677912434900363791712        -5.67615233921230145010786455441366896E-0007   5.0299277805229497E-004 -0.19613262545400473       -3.5475812550204782E-007
  0.841413409228417629072286146318937483         62.7722630758677812290446951237754547        -5.67621172089621632689190918095654090E-0007  -5.0334293991618317E-002   19.613273629498995       -3.5476459613564198E-007
