          12
   14.000000000000000     
  -268589.152947804864918143672586348099         661678.813743013254030182010989591416         1298814.36111395457972358812026580929       -0.98535339388620635       -5.0896140755610642        1.5018294087681956     
  -668559.588489305692667082847147064179         529960.662179564553673732411193109115        -705700.164249724248472177322577536485         4.0068481130170097       0.91773005987763967       -4.6950940860107213     
   833211.346846686639368972451258343909        -1776730.66406806396764919206004984522         1512411.20711329859211523955198064328         2.8096918911766475       -1.3135976744092779       -4.6704276526577715     
  -1353208.64027509935302022831826729284        -885623.806563410774962038598812075231        -2125536.68968778124424539878178919137         3.4893089544487093        1.8807655111173145       -4.1797419197488983     
  -368003.049143685510062943238573929248         220576.658838230858347843376110475323        -462241.056664142758805151221385143524        -1.3592389814336074        3.1247977127726205        1.1064298454270174     
  -715587.818329496877024607809358869330         369958.225142155708131849713993233316        -390256.636375053333283257698260726431        -3.4570579806021664       -1.5083414052272774        2.9921619120129854     
   147152.029677941491293611984136902028         1179400.57591173302151652311775542623         517747.937861024965138306766498921248        -1.2306116666147158       -1.9537421639391945        4.2408400253220666     
  -190406.429700979855198145312966673271         13454.5866888611741292211461257233292        -251422.867260357753723487430896899035       -0.31022229984217581       0.27128960062537077       -1.0900025883707609     
   3177776.40257465986873956184134704092        -517894.760493777657701048251492892386         869768.238172175520735186427523366560       -0.32860185050886298        4.4453490201628831        1.4629165777314355     
  -593785.100162914214179145745431398524         205219.708575692650987815093821531308        -263584.330103393221768272965954693627        -2.6347627855614384      -0.77463658552751147        3.3310884776832212     
   7.01170954879206246895990972678447406E-0003  -2.74590442856791774406746697856362971        -1.08642218217694463891513013820319380E-0005   5.0186661999820220E-004 -0.19612611344350592       -1.5520049746638832E-006
  0.297756690660039631887582092795163646         274.590782307862110750429351924140065        -1.08649049583130599963281106226441896E-0005  -5.0339853728143834E-002   19.612659837420718       -1.5521552100311934E-006
