          12
   1.5000000000000000     
  -268576.836030149735724675750386802871         661742.433918901082892197826890168270         1298795.58824456577966266344892343206       -0.98535343093429673       -5.0896140664894451        1.5018296934395461     
  -668609.674088416230858552490867729951         529949.190546859655820135562992456713        -705641.475563668292799894597999710256         4.0068477446248858       0.91773117297204498       -4.6950956830249284     
   833176.225697879387499921812754166723        -1776714.24409663780708173505124003446         1512469.58745860939703308615522647784         2.8096919179833284       -1.3135977537761045       -4.6704275970706171     
  -1353252.25663666195035621626352462240        -885647.316131848197592787521881252412        -2125484.44291306311381334072097004649         3.4893088955661815        1.8807654388698694       -4.1797420351517474     
  -367986.058666027347721625378462739773         220537.598866620180566392771526196260        -462254.887027661314995711947933854114        -1.3592374438296810        3.1247977448731876        1.1064283174791003     
  -715544.605090574391214440524988660312         369977.079400291113479745632730555379        -390294.038397501271224154310024445623        -3.4570602469543577       -1.5083398964488572        2.9921616797395547     
   147167.412322758473635554608005548961         1179424.99768716541725474876156631874         517694.927360173953901539758981620294        -1.2306115041018104       -1.9537419052436538        4.2408401108385174     
  -190402.551931174685358239101473643029         13451.1955764646239209140961140542809        -251409.242232690109111378631567834667       -0.31022086897702966       0.27128838281850143       -1.0900018384115608     
   3177780.51009733922618784409709624658        -517950.327356481911843028516084785888         869749.951714884298083703063064753237       -0.32860177818841757        4.4453490125175383        1.4629165888641105     
  -593752.165624972673781658095704116846         205229.391542665748685309048959801702        -263625.968723649314131387374482429204        -2.6347632851323901      -0.77463813015827787        3.3310907633148266     
   7.30167757048986464682265029590979566E-0004 -0.294291175675565829742558188186762891        -1.24720665515157529782169539634319657E-0007   5.0297682500598500E-004 -0.19614169780618837       -1.6629391401436462E-007
  0.926970913850175173327597746841810533         29.4291214643076967372170571479728096        -1.24720939352169569490756933141488947E-0007  -5.0314096406894486E-002   19.614174976287678       -1.6629488569717066E-007
