          12
   16.199999999999999     
  -268591.320725264241952440134181268046         661667.616592045264795255519185701613         1298817.66513859875720607182925103737       -0.98535338736563871       -5.0896140771563605        1.5018293586658720     
  -668550.773423385763221923283050607218         529962.681185480832245617891645972364        -705710.493456404343792402787949313803         4.0068481778265763       0.91772986401401613       -4.6950938049875903     
   833217.528168842038008634145462849602        -1776733.55398293230244227200037565586         1512400.93217245198360575801077576585         2.8096918864584715       -1.3135976604405251       -4.6704276624408640     
  -1353200.96379538816665026974284113944        -885619.668879272330050086517172491819        -2125545.88511998234968491684471203483         3.4893089648116078        1.8807655238325927       -4.1797418994378592     
  -368006.039469742316415826715592096716         220583.533393192702796263048314884248        -462238.622518187049453171231644388351        -1.3592392520253920        3.1247977070840314        1.1064301143068100     
  -715595.423856615409275493150387248446         369954.906790772101308187282953099392        -390250.053618801883072108663830235275        -3.4570575816986060       -1.5083416707792749        2.9921619529443078     
   147149.322332243476843051286362396003         1179396.27767892227213830989573928330         517757.267709064116907718902660384670        -1.2306116952165838       -1.9537422094693178        4.2408400102704151     
  -190407.112190316518304064702382660823         13455.1835262183146530383299893651734        -251425.265266197335010145277600646090       -0.31022255166949175       0.27128981495679461       -1.0900027203382363     
   3177775.67965057474794514471606865488        -517884.980725931819379954041959734905         869771.456588644374555536687432244448       -0.32860186323731672        4.4453490215083145        1.4629165757720364     
  -593790.896640945763142995329486595353         205218.004375503537364311426594021258        -263577.001709184801859644317056918790        -2.6347626976663614      -0.77463631366638763        3.3310880754265093     
   8.11555419354758368350854363937330049E-0003  -3.17738151002406136189440410966255968        -1.45468926072762224392287175384585731E-0005   5.0162848221516662E-004 -0.19612579080605180       -1.7958768979527729E-006
  0.187008725109520666107657330123892336         317.738605520638692031321070885496738        -1.45479623400033784302469995098960198E-0005  -5.0340111972274802E-002   19.612635194047648       -1.7960794073953912E-006
