          12
   4.2999999999999998     
  -268579.595019744733608621421044881924         661728.182999512065899242549971148745         1298799.79336761813767037042344210115       -0.98535342263561232       -5.0896140685225877        1.5018296296733034     
  -668598.454914615718017086797853032415         529951.760193794858293125419473890148        -705654.621831079872719021160998309439         4.0068478271677819       0.91773092360446418       -4.6950953252505956     
   833184.092835241334503503876085517305        -1776717.92217032349098437335049860399         1512456.51026132016685615081785787339         2.8096919119788009       -1.3135977359980961       -4.6704276095223474     
  -1353242.48657173589893852989340938816        -885642.049988596704810253170958578319        -2125496.14619072534854998536291148524         3.4893089087562252        1.8807654550535255       -4.1797420093016262     
  -367989.864531352297580727400139188885         220546.348300295808884256320014927145        -462251.789027893158731598198113443866        -1.3592377882752196        3.1247977377153249        1.1064286597722199     
  -715554.284858555168351955416694565341         369972.856048107912798902887629992627        -390285.660344725225530281912389440878        -3.4570597393129576       -1.5083402344093391        2.9921617317257945     
   147163.966610496024000810553200579979         1179419.52720974960772662763486273727         517706.801712457484760848616667239226        -1.2306115405050391       -1.9537419631917001        4.2408400916834657     
  -190403.420550056546727491735282455932         13451.9551843184232883261692986787135        -251412.294238072881352263756860043735       -0.31022118949497740       0.27128865560940968       -1.0900020064237061     
   3177779.59001233761899810161856427801        -517937.880379244464961080935960779907         869754.047881329626448305636920998963       -0.32860179438815107        4.4453490142302217        1.4629165863704321     
  -593759.542962014341117217942622730249         205227.222556385693837555109220183157        -263616.641670228825310309069829273194        -2.6347631732037975      -0.77463778416611917        3.3310902513212133     
   2.13854670946543548202493228993503749E-0003 -0.843467090787801606569656920342481499        -1.02491965704177530381009192243454884E-0006   5.0289645810499249E-004 -0.19613055148136357       -4.7670429706938698E-007
  0.786044165019170977195964514216974806         84.3467411014307126004840853283894830        -1.02493585904733334599504134128332473E-0006  -5.0336698683106328E-002   19.613070042398093       -4.7671681358610532E-007
