          12
   9.6000000000000014     
  -268584.817392843075271296946621157883         661701.208044938701391161159914844373         1298807.75306433554969420683666836433       -0.98535340692724871       -5.0896140723692973        1.5018295089726945     
  -668577.218620717763247737141507620556         529956.624166439229144930970344384846        -705679.505834509220619625612380687541         4.0068479833732358       0.91773045164168965       -4.6950946481031055     
   833198.984202344702455555549569510305        -1776724.88423823510460941085403741004         1512431.75699492724032024041636024236         2.8096919006128203       -1.3135977023466119       -4.6704276330913652     
  -1353223.99323445332991932117117084285        -885632.081931603743497801819739567743        -2125518.29882324498073270248044153162         3.4893089337225249        1.8807654856865128       -4.1797419603708548     
  -367997.068493357846774891544705532451         220562.909728269688776217992698391857        -462245.924954279506603617320575905248        -1.3592384402262352        3.1247977241148810        1.1064293076323739     
  -715572.607272627091107518343404692044         369964.861843170290096918764177758029        -390269.801887286171247492608804563462        -3.4570587783863318       -1.5083408741295574        2.9921618301963071     
   147157.444369148747199914259997655099         1179409.17237705402097786342996421647         517729.278164847321953473327504902086        -1.2306116094106165       -1.9537420728786854        4.2408400554246874     
  -190405.064723968597423402299151362638         13453.3930155614847377500060826571722        -251418.071249549618208887627190950547       -0.31022179618309781       0.27128917196020058       -1.0900023244130523     
   3177777.84842274610262522029947851440        -517914.320029460454253184493733641584         869761.801339224881138507617373001280       -0.32860182505200547        4.4453490174718864        1.4629165816501908     
  -593773.507206270960327145304047391534         205223.116977865151599694240602822491        -263598.986894464979676846280165491971        -2.6347629613780015      -0.77463712924427530        3.3310892822096227     
   4.80245024116602298164388148982162363E-0003  -1.88294759184775990995888705903382743        -5.10845671339080270527889119888339995E-0006   5.0234173492911941E-004 -0.19612709856973201       -1.0642492541094183E-006
  0.519250746785224593168742504567525486         188.294918795930422611428767254437844        -5.10866893962916341687855520576101771E-0006  -5.0339220391306921E-002   19.612743109325312       -1.0643182540039443E-006
