          12
   13.400000000000000     
  -268588.561735767999695198491455494501         661681.867511458460123766698313119176         1298813.46001630521952804751817378567       -0.98535339566453761       -5.0896140751259153        1.5018294224324573     
  -668561.992598168199873150895906626040         529960.111541512601291653065255227162        -705697.347193249648496686564635993433         4.0068480953402474       0.91773011329712051       -4.6950941626560594     
   833209.661031551547351725131029809319        -1776729.87590945817918771717641712717         1512414.00936988938633819638257538287         2.8096918924634124       -1.3135976782189278       -4.6704276499896435     
  -1353210.73386047117436474902241183567        -885624.935022716405005246500803384203        -2125534.18184262773309739237292959045         3.4893089516224416        1.8807655076494971       -4.1797419252882664     
  -368002.233600318789610392716249442911         220574.783959602729909314265954733959        -462241.720522028015194444692664843567        -1.3592389076344709        3.1247977143220340        1.1064297720941367     
  -715585.744094675878531618157252225413         369959.130146977117617199084520507321        -390258.431672197192887796072247041922        -3.4570580893927194       -1.5083413328043682        2.9921619008525564     
   147152.768044939119963863858320252111         1179401.74815702765983646880809665456         517745.393357008540412739142078102346        -1.2306116588141849       -1.9537421515218731        4.2408400294270212     
  -190406.243567620554017590894790856748         13454.4239151183351516922943741372261        -251422.213258815528972958533160397814       -0.31022223116174147       0.27128954217121171       -1.0900025523783148     
   3177776.59973576913263911094577329738        -517897.427703189645346432630201860529         869767.360422228721560678966207014141       -0.32860184703746947        4.4453490197959393        1.4629165782658147     
  -593783.519305235685476353592049392234         205220.173357666210588959324057078947        -263586.328756512743821873542282574472        -2.6347628095343505      -0.77463665967113715        3.3310885873903482     
   6.71057010297341788323697772677967066E-0003  -2.62822873023544376991714188740445479        -9.95297218568793133944756502290093690E-0006   5.0193152922206586E-004 -0.19612621552123088       -1.4854937632085380E-006
  0.327960580737137998372102490329815794         262.823184002257214025854992200947891        -9.95356908257869717615803498209740891E-0006  -5.0339779508085256E-002   19.612667966911403       -1.4856310896592174E-006
