          12
   2.4000000000000004     
  -268577.722848236376249467158988659673         661737.853266240948273949704638852180         1298796.93989128065192767279290020363       -0.98535342826686778       -5.0896140671430246        1.5018296729432628     
  -668606.067925434128462610582910308160         529950.016504879260291568424806607496        -705645.701149731264318625033604703801         4.0068477711579842       0.91773109281601117       -4.6950955680233175     
   833178.754420604703990093722332233057        -1776715.42633461363411978070209196181         1512465.38407377023241528283536982968         2.8096919160533123       -1.3135977480617551       -4.6704276010729719     
  -1353249.11625865403293421768970983262        -885645.623442950873852366291683058132        -2125488.20468089101135588948610077862         3.4893088998058612        1.8807654440717727       -4.1797420268427867     
  -367987.281979776616752206802041236242         220540.411184589532174441838252576521        -462253.891242126072474861895739151075        -1.3592375545457198        3.1247977425745028        1.1064284275039529     
  -715547.716444723224140543632598721072         369975.721894335426131331070465080310        -390291.345451981987596578663746171844        -3.4570600837852612       -1.5083400050786411        2.9921616964467095     
   147166.304772399516527427063561361810         1179423.23931944231618651806603459429         517698.744116270937947815658497496812        -1.2306115158028699       -1.9537419238698270        4.2408401046815758     
  -190402.831130003125452990997423796682         13451.4397360486178996982682548599892        -251410.223234368981971428716193361901       -0.31022097200091714       0.27128847050142973       -1.0900018924168049     
   3177780.21435573651343774284096232993        -517946.326542370398325127396343958690         869751.268339813915092119046001961592       -0.32860178339547180        4.4453490130680517        1.4629165880625734     
  -593754.536911913102452044811441211920         205228.694368398651360549403421806845        -263622.970742036387403286298303228814        -2.6347632491537878      -0.77463801894683637        3.3310905987446873     
   1.18289107128980270987978970498311071E-0003 -0.470815382461340455142601024718373992        -3.19284197145423159112872804506310300E-0007   5.0303732533655751E-004 -0.19613530543414359       -2.6606937920658067E-007
  0.881679378178716070644941119049953215         47.0815482218184825635720613945522928        -3.19286295544884225787512409258824495E-0007  -5.0329994725344940E-002   19.613538856486482       -2.6607268032681732E-007
