          12
   9.0000000000000000     
  -268584.226180798385426248740120991339         661704.261813381992369124204866892595         1298806.85196662606680500927358590254       -0.98535340870556298       -5.0896140719339344        1.5018295226369287     
  -668579.622729502482852778021960027338         529956.073528152216323516324886222506        -705676.688777697362688960712739927273         4.0068479656919944       0.91773050506786269       -4.6950947247568315     
   833197.298387203948739642780374481418        -1776724.09607961255375465700195869436         1512434.55925150629469543665239772423         2.8096919018995519       -1.3135977061562303       -4.6704276304231964     
  -1353226.08681981271553822594178040358        -885633.210390894115049983484067031038        -2125515.79097806709641082801853784188         3.4893089308961871        1.8807654822186510       -4.1797419659101989     
  -367996.252950315852041627234236820241         220561.034849634756880613394303125564        -462246.588811842084296522990410904819        -1.3592383664227707        3.1247977256579453        1.1064292342931192     
  -715570.533037327423361738415463761979         369965.766847673041295455034216388420        -390271.597184380943357794938597393740        -3.4570588871727090       -1.5083408017077897        2.9921618190442367     
   147158.182736112053393333252149233194         1179410.34462229402298161560769251830         517726.733660812835683812030418415857        -1.2306116016100206       -1.9537420604613165        4.2408400595295213     
  -190404.878590911491931535992616630904         13453.2302420758449885147740726631933        -251417.417248165769322906651084270628       -0.31022172750185528       0.27128911350561935       -1.0900022884164684     
   3177778.04558384009241354358800413213        -517916.987238870827301446204682378020         869760.923589275730710585965987924296       -0.32860182158062090        4.4453490171049186        1.4629165821845620     
  -593771.926348486940241002230989053629         205223.581760164940961280191644711112        -263600.985548067218284731080268912247        -2.6347629853557160      -0.77463720338690378        3.3310893919191087     
   4.50102584593307365431243821651818848E-0003  -1.76527127458918822950142968331022075        -4.48986115731622519318013238667439045E-0006   5.0240622789036527E-004 -0.19612729609800109       -9.9773588373930966E-007
  0.549454244862975671811903058405768263         176.527267742145111878437901964389312        -4.49003461232172016840069653458682226E-0006  -5.0339104402251485E-002   19.612760783875245       -9.9779621784884151E-007
