          12
   5.8000000000000007     
  -268581.073049875352721310637488238978         661720.548578408465298798055709283997         1298802.04611203702723931517615252326       -0.98535341818986744       -5.0896140696115104        1.5018295955127829     
  -668592.444642841805415330813100460666         529953.136790080078079442408439669876        -705661.664473924006795894957599912756         4.0068478713817122       0.91773079002286739       -4.6950951335960260     
   833188.307373106890146807281816165897        -1776719.89256692034515455255322402541         1512449.50461990088043689276775527474         2.8096919087620491       -1.3135977264741248       -4.6704276161928675     
  -1353237.25260836746508312895265202510        -885639.228840407622194532779869025087        -2125502.41580372891476352360529133988         3.4893089158222343        1.8807654637232867       -4.1797419954533188     
  -367991.903388173100204819837011349646         220551.035496899500805682335924373650        -462250.129384765977075787022759767476        -1.3592379727943296        3.1247977338729980        1.1064288431357479     
  -715559.470447960171344657681613554726         369970.593537620510168403811235293696        -390281.172102106742736626413536882284        -3.4570594673571020       -1.5083404154609958        2.9921617595857812     
   147162.120693170640196130347643332915         1179416.59659678153751636074386688344         517713.162972587313637079434180954236        -1.2306115600066891       -1.9537419942352379        4.2408400814216796     
  -190403.885881969568072667153835197962         13452.3621174114405515682886399497771        -251413.929241150018442088467651718269       -0.31022136120003441       0.27128880174688119       -1.0900020964251578     
   3177779.09710963952794244532541745304        -517931.212355722431513022570026549811         869756.242256208180166933075505575302       -0.32860180306659065        4.4453490151477002        1.4629165850345236     
  -593763.495106729179394335450536956984         205226.060599848460172303657444992085        -263611.645035057553297632534361483176        -2.6347631132479181      -0.77463759881195837        3.3310899770418012     
   2.89277979488561394060420345342166115E-0003  -1.13766161598389139520196011723385254        -1.86469281210245022414997739747613468E-0006   5.0274571568952855E-004 -0.19612896779495784       -6.4299293634229874E-007
  0.710537966984834082692515724866133553         113.766219859192302316097666903260688        -1.86473587890750516922178340986950058E-0006  -5.0338037999164580E-002   19.612916869438234       -6.4301684459485889E-007
