          12
   16.600000000000001     
  -268591.714866618951097876264594299652         661665.580746414344237330638076599624         1298818.26587034040165427460633562625       -0.98535338618007762       -5.0896140774463721        1.5018293495563531     
  -668549.170684112276038831789715111093         529963.048277419315790495216861311079        -705712.371493916120128668577615726987         4.0068481896092516       0.91772982840376616       -4.6950937538941258     
   833218.652045596449832131704660298539        -1776734.07942199597069926128162231640         1512399.06400138665150256015723417846         2.8096918856006150       -1.3135976579007456       -4.6704276642196003     
  -1353199.56807180186516969095655849028        -885618.916573062334636914452457023851        -2125547.55701674138625400801716480713         3.4893089666957575        1.8807655261444529       -4.1797418957449413     
  -368006.583165452966114981019907226310         220584.783312275329320277005296091478        -462238.179946131549517988777314725391        -1.3592393012230457        3.1247977060484917        1.1064301631927898     
  -715596.806679633582985443379653744981         369954.303454094133116089562207662319        -390248.856754019216618644753102884680        -3.4570575091698652       -1.5083417190616808        2.9921619603880121     
   147148.830087564350141453204390273858         1179395.49618203682876791170142105623         517758.964045067677745576220638135097        -1.2306117004169106       -1.9537422177475128        4.2408400075337278     
  -190407.236279346343428130994279712252         13455.2920421520912256450803884399998        -251425.701267290268969617353100876038       -0.31022259745611713       0.27128985392606131       -1.0900027443315077     
   3177775.54820982899016457259334933458        -517883.202586323167121390926848079043         869772.041755274612121968603184463076       -0.32860186555158277        4.4453490217529321        1.4629165754157802     
  -593791.950546021633688211317503302695         205217.694520987956703850244033482385        -263575.669273969258677472279339681900        -2.6347626816863845      -0.77463626423689635        3.3310880022893903     
   8.31619692378333052828033936099139112E-0003  -3.25583181596035606481312485449564065        -1.52741113557092498827593533261040284E-0005   5.0158516834263164E-004 -0.19612573918357434       -1.8402168224054023E-006
  0.166872671244707180415603811618474595         325.583658836749780057795433663159201        -1.52752641512876577347061562780827093E-0005  -5.0340157288257172E-002   19.612631417323097       -1.8404296699539536E-006
