          12
   14.800000000000001     
  -268589.941230519025439346578881805168         661674.742051752573110493613750549028         1298815.56257747430667320730213187837       -0.98535339151509427       -5.0896140761412170        1.5018293905491746     
  -668556.383010805851758481199165196024         529961.396363583965855944594297577410        -705703.920324952180113457821386546654         4.0068481365850737       0.91772998865308453       -4.6950939838187127     
   833213.594600198894411968244533284206        -1776731.71494620146325701456474499542         1512407.47077117504289527719907315628         2.8096918894609537       -1.3135976693297382       -4.6704276562152689     
  -1353205.84882793428671253872230817446        -885622.301951000031609342413585483934        -2125540.03348131408903670404031416295         3.4893089582170509        1.8807655157410619       -4.1797419123630712     
  -368004.136534910016191904885141106261         220579.158676400249656605377923668233        -462240.171520227306758636541123008735        -1.3592390798315379        3.1247977107053897        1.1064299432028395     
  -715590.583975823336846110195308412497         369957.018468992900678890514143404297        -390254.242645517770090079560096896204        -3.4570578355472117       -1.5083415017913984        2.9921619268953297     
   147151.045188604039241696173068163479         1179399.01291799524759118854011497044         517751.330533043033475931662956703845        -1.2306116770154092       -1.9537421804956130        4.2408400198487657     
  -190406.677878856358448477725797687310         13454.8037205728499485370060068101235        -251423.739262447646020037641811928346       -0.31022239141591673       0.27128967856415998       -1.0900026363598114     
   3177776.13969317761023842502411673724        -517891.204214561331690087004897549132         869769.408505437420881796151683751318       -0.32860185513738965        4.4453490206521362        1.4629165770189283     
  -593787.207973129878108211155973705815         205219.088866463772313694660653915479        -263581.665232669585494520255730677145        -2.6347627535985736      -0.77463648666913221        3.3310883314075528     
   7.41316821693957604661297591808200025E-0003  -2.90280526826388120134950221462588615        -1.21412982993219358083265263327338015E-0005   5.0178004549428451E-004 -0.19612598761857702       -1.6406861319891151E-006
  0.257484769063129729718556251705230409         290.280906180331861238252955104144348        -1.21421087999306138099381129213726748E-0005  -5.0339949770733937E-002   19.612650025971288       -1.6408544779281458E-006
