          12
   14.400000000000000     
  -268589.547089162182289936917772843468         661676.777897382971585708097972400336         1298814.96184571626510051299552284129       -0.98535339270065081       -5.0896140758511477        1.5018293996586862     
  -668557.985750058129019198715492500135         529961.029271581382220345827344099021        -705702.042287348433493525444726301955         4.0068481248011771       0.91773002426515937       -4.6950940349144625     
   833212.470723442938459867925793389560        -1776731.18950713322340708774232931324         1512409.33894223717325493809016112578         2.8096918903188017       -1.3135976718695088       -4.6704276544365211     
  -1353207.24455151719670053074018323255        -885623.054257205865660453983079225561        -2125538.36158454840522385743684097291         3.4893089563328821        1.8807655134291896       -4.1797419160559857     
  -368003.592839287923334388135665484752         220577.908757315760725362984162600800        -462240.614092194810364109978512159339        -1.3592390306327038        3.1247977117391974        1.1064298943151216     
  -715589.201152674612430802686402486782         369957.621805583960817401214526967131        -390255.439510287039921176480694597887        -3.4570579080748165       -1.5083414535093032        2.9921619194539044     
   147151.537433273805337004167537173761         1179399.79441486579019566003911911887         517749.634197034546637189370010823082        -1.2306116718150646       -1.9537421722174053        4.2408400225854193     
  -190406.553789908949449218128480154644         13454.6952047092181599566214217356115        -251423.303261397900966725296456605314       -0.31022234562907086       0.27128963959477814       -1.0900026123654116     
   3177776.27113391920234165934945613760        -517892.982354169543620764855074156667         869768.823338806542059204952033191161       -0.32860185282312604        4.4453490204075097        1.4629165773751820     
  -593786.154068025242430163935791753744         205219.398721068325812835766996933261        -263582.997668016776064572145310549440        -2.6347627695798606      -0.77463653609835204        3.3310884045453153     
   7.21244754033316625541722919012777027E-0003  -2.82435486099459596509922421070371001        -1.14938919448131701727828095086458562E-0005   5.0182333640215438E-004 -0.19612604916462115       -1.5963456187476658E-006
  0.277620739464148169091265230812304310         282.435845224862289853939856243414397        -1.14946369523311235779700897812746074E-0005  -5.0339902119355441E-002   19.612654795053821       -1.5965047810430767E-006
