          12
   11.100000000000001     
  -268586.295422950131799713555796893512         661693.573623829331214677516026512220         1298810.00580857338828719015066948125       -0.98535340248145331       -5.0896140734575752        1.5018294748120924     
  -668571.208348709552592244952928801588         529958.000762016519886779034737012140        -705686.548476337652396843435065321116         4.0068480275736675       0.91773031808024996       -4.6950944564737904     
   833203.198740193209052017988547333999        -1776726.85463478148148152643420738519         1512424.75135347260046824550416832977         2.8096918973959699       -1.3135976928225466       -4.6704276397617646     
  -1353218.75927104744677258558460675172        -885629.260783368711503224049164106925        -2125524.56843617515073513192236376311         3.4893089407883275        1.8807654943561400       -4.1797419465224799     
  -367999.107351156566147507525621485056         220567.596924852965687517168946740743        -462244.265310180549112949064810562683        -1.3592386247323136        3.1247977202534321        1.1064294909767085     
  -715577.792860590694723975396795978580         369962.599331723304557287237415152966        -390265.313644519963805434373815828041        -3.4570585064178965       -1.5083410551846577        2.9921618580814697     
   147155.598451720005179178716314680732         1179406.24176392142039882292015029472         517735.639424922762382069643671833588        -1.2306116289120685       -1.9537421039220801        4.2408400451625337     
  -190405.530056791649124441173634991753         13453.7999494290272343543975047674972        -251419.706253103729972025872918539584       -0.31022196788572209       0.27128931809640167       -1.0900024144020439     
   3177777.35552000201576804230309269958        -517907.652005933558366674247519512146         869763.995714096354475909290138169139       -0.32860183373047214        4.4453490183892921        1.4629165803142579     
  -593777.459350668070752401018763677627         205221.955022310302954469132807879804        -263593.990260747369724727381390394494        -2.6347629014365812      -0.77463694388710969        3.3310890079373152     
   5.55584165828356488784278352510703769E-0003  -2.17713791909308146616322532373999366        -6.82954242800187999225509433534272905E-0006   5.0218007153098531E-004 -0.19612668843555267       -1.2305313920404059E-006
  0.443741724864824049241610395832857705         217.714005295761727470926771843551251        -6.82987585045055238160814630039817436E-0006  -5.0339467179290762E-002   19.612707291602707       -1.2306245902232493E-006
