          12
  0.40000000000000002     
  -268575.752141373914896313377514980299         661748.032494373781891775585517478956         1298793.93623188921810981820426089691       -0.98535343419448085       -5.0896140656905375        1.5018297184905480     
  -668614.081620917481255691405261920529         529948.181042515502650591167205229581        -705636.310958339657172237778803847120         4.0068477121936761       0.91773127094332052       -4.6950958235859463     
   833173.135036768308445031618880705111        -1776712.79913910481205951482769345153         1512474.72492896348423318345910448812         2.8096919203422237       -1.3135977607602971       -4.6704275921788341     
  -1353256.09487644422313561527182468321        -885649.384973827457605990523259453819        -2125479.84519681886142688799212763227         3.4893088903843212        1.8807654325119691       -4.1797420453071359     
  -367984.563504913561663809367652255842         220534.161589099276021756256271899577        -462256.104098736579662086319392200218        -1.3592373085082754        3.1247977476800446        1.1064281830016247     
  -715540.802324193056310806831943338605         369978.738574104184082516590947875564        -390297.329775337755379648955189608716        -3.4570604463815107       -1.5083397636795992        2.9921616593231852     
   147168.765995405119902226973582770588         1179427.14680324866433764106621318044         517690.262436047892723583943586085339        -1.2306114898004881       -1.9537418824783115        4.2408401183636153     
  -190402.210688288065723348352342725332         13450.8971593024660612827798772395123        -251408.043230704160693916718039009333       -0.31022074305860853       0.27128827565030211       -1.0900017724034277     
   3177780.87155929173315126281575138098        -517955.217240395311063988976751915043         869748.342506636008752774969488008550       -0.32860177182424383        4.4453490118446792        1.4629165898437635     
  -593749.267385334841638046644574089356         205230.243644683681406531997049036408        -263629.632923599588586551597524376684        -2.6347633291082380      -0.77463826608295727        3.3310909644570907     
   1.77649602446498841958662934237267450E-0004  -7.85203828695999147581352506364282817E-0002  -8.86904909184303308900085359445151459E-0009   4.9952411210199674E-004 -0.19618793102195092       -4.4345223651652727E-008
  0.982234164344347405849059221005781239         7.85203856406223846264857968435535440        -8.86902111801263723020708882767477484E-0009  -4.9956788263771645E-002   19.618794487706374       -4.4345126900705360E-008
