          12
   7.2000000000000002     
  -268582.452544657913973843919169803836         661713.423118710297854509014836565965         1298804.14867344842691570948323143150       -0.98535341404049204       -5.0896140706276736        1.5018295636296097     
  -668586.835055792986610730898600074518         529954.421613098839807106713722939517        -705668.237606985830698229410495869685         4.0068479126445995       0.91773066535185821       -4.6950949547248761     
   833192.240941777055387340102932114434        -1776721.73160373118658669274877448521         1512442.96602123385236898049088782869         2.8096919057597218       -1.3135977175850611       -4.6704276224186554     
  -1353232.36757588069752921251243105157        -885636.595768752745370602321994812935        -2125508.26744251350183606287247428666         3.4893089224171221        1.8807654718150293       -4.1797419825282143     
  -367993.806321455562796732779440311843         220555.410213724409812778058936899573        -462248.580384265792402757764695264720        -1.3592381450088384        3.1247977302819430        1.1064290142701401     
  -715564.310331036791573310090752713134         369968.481860920577175536019254309402        -390276.983075625117010298351649666403        -3.4570592135284244       -1.5083405844434223        2.9921617855948650     
   147160.397836973889784349565079679668         1179413.86135796932642788912848352831         517719.100148694599564785848166970068        -1.2306115782081779       -1.9537420232091700        4.2408400718439196     
  -190404.320191987428393207254506691595         13452.7419218293624760686340163795545        -251415.455244143812742160651041434243       -0.31022152145746662       0.27128893814153043       -1.0900021804233309     
   3177778.63706710956479774379292158035        -517924.988867100625326739755660554447         869758.290339426355701503080219971720       -0.32860181116647469        4.4453490160039939        1.4629165837876690     
  -593767.183775048557471489364401051631         205224.976107331221934065870748931092        -263606.981509268889595200932030039094        -2.6347630572927883      -0.77463742581397321        3.3310897210494974     
   3.59652119598634941436852627272280358E-0003  -1.41224149634764510477871746196854019        -2.87352385890299421541617272272625592E-0006   5.0259857646040636E-004 -0.19612806561174423       -7.9819400623083194E-007
  0.640064250412622882778360469679945766         141.224239416000706098808237243247277        -2.87360976294939083042025725164454792E-0006  -5.0338643286936394E-002   19.612831500422605       -7.9823182063616775E-007
