          12
   3.0000000000000000     
  -268578.314060292802883278460296390119         661734.799497800531754657746841274982         1298797.84098908031862673471967806201       -0.98535342648857904       -5.0896140675787072        1.5018296592790690     
  -668603.663816766127253295947663325144         529950.567143518918988039970857650829        -705648.518207049078358410231226471821         4.0068477888459508       0.91773103937979672       -4.6950954913570095     
   833180.440235753949971785972117288594        -1776716.21449326132830101096088393211         1512462.58181720878816461187954534040         2.8096919147666295       -1.3135977442521833       -4.6704276037412011     
  -1353247.02267331330148585450678933025        -885644.494983683390410508320667037931        -2125490.71252610545523342456819548828         3.4893089026323025        1.8807654475397013       -4.1797420213034755     
  -367988.097522331487199590510095426053         220542.286063234616856768887105388888        -462253.227385047565415616852985136754        -1.3592376283556746        3.1247977410409637        1.1064285008527681     
  -715549.790680740861291696280899188335         369974.816890310652939663462746011654        -390289.550154960777770484851023624616        -3.4570599750051514       -1.5083400774986924        2.9921617075862379     
   147165.566405487694597180212685572077         1179422.06707428426905856831408137007         517701.288620332515498195716241447413        -1.2306115236035642       -1.9537419362872677        4.2408401005769267     
  -190403.017262606930744918526388076441         13451.6025091484553244745776684476719        -251410.877235515232919418751322826460       -0.31022104068337131       0.27128852895664357       -1.0900019284195956     
   3177780.01719466543474352479038691474        -517943.659332962447393761624692132254         869752.146089766592327941974738258991       -0.32860178686684294        4.4453490134350568        1.4629165875282142     
  -593756.117769855399215952019842390570         205228.229585609525591777271835702822        -263620.972087710054515754350967782211        -2.6347632251688711      -0.77463794480570447        3.3310904890316628     
   1.48470563059259165532245347551842940E-0003 -0.588495875718915191585761670367560328        -4.98880822026278022110438994272714954E-0007   5.0300713834365281E-004 -0.19613316289471416       -3.3258598799554693E-007
  0.851480195282670063525046547092678395         58.8496031589001006578687480441658408        -4.98885556075918508149853874199600676E-0007  -5.0333541525322829E-002   19.613326680813223       -3.3259156931823257E-007
