          12
   12.500000000000000     
  -268587.674917710701238751567349050116         661686.448164125779704528660385420861         1298812.10836981580694182579482909298       -0.98535339833203051       -5.0896140744731380        1.5018294429288428     
  -668565.598761442073870305768390487294         529959.285584374575117485631908786914        -705693.121608451521665443572084441782         4.0068480688239596       0.91773019342805240       -4.6950942776262119     
   833207.132308847461716294149347561444        -1776728.69367154521064130553581472674         1512418.21275477257602814310788463814         2.8096918943935516       -1.3135976839333949       -4.6704276459874405     
  -1353213.87423852572682646639712356059        -885626.627711670948772523328795802679        -2125530.42007489123458552083834049993         3.4893089473830226        1.8807655024477592       -4.1797419335973114     
  -368001.010285351733401574230719610623         220571.971641658794807442688368226403        -462242.716308773399636521004713030104        -1.3592387969346595        3.1247977166445318        1.1064296620931859     
  -715582.632742321991844823586559343224         369960.487654127756190416933534947938        -390261.124617900427669403077279852698        -3.4570582525774807       -1.5083412241702960        2.9921618841140503     
   147153.875595426787366511065524576897         1179403.50652495564782651691904113998         517741.576600979285257292308863874537        -1.2306116471133723       -1.9537421328958786        4.2408400355844256     
  -190405.964367658867817726631166408436         13454.1797545698376573602901423720719        -251421.232256542683771235871248439502       -0.31022212814088329       0.27128945448986508       -1.0900024983885876     
   3177776.89547742912317186100325250284        -517901.428517307214004056710177081850         869766.043797307921621920701604757609       -0.32860184183038132        4.4453490192455183        1.4629165790673813     
  -593781.148018690922402420085957075486         205220.870530709961468018867614127020        -263589.326736315447664218233336796966        -2.6347628454949463      -0.77463677088632044        3.3310887519516417     
   6.25878792891779612840271254659008093E-0003  -2.45171506219039946972496069044211708        -8.66092306524992084525251548192067894E-0006   5.0202884717022065E-004 -0.19612638330685880       -1.3857263940328502E-006
  0.373266330585702203580114946768198081         245.171776827283086325204308764114103        -8.66140469173174177097363536094419607E-0006  -5.0339663552737716E-002   19.612681628052695       -1.3858454408374759E-006
