          12
   10.900000000000000     
  -268586.098352269576230624745921682358         661694.591546644008225855990712460678         1298809.70544267797039228316824388551       -0.98535340307422692       -5.0896140733124815        1.5018294793668405     
  -668572.009718314478014108359071876414         529957.817215951123051248020795478411        -705685.609457443802619795768515942270         4.0068480216804980       0.91773033588811237       -4.6950944820239524     
   833202.636801813686963491059067621364        -1776726.59191524278998316540706392521         1512425.68543900046388771910843562551         2.8096918978248850       -1.3135976940924234       -4.6704276388723800     
  -1353219.45713283551023147328329354618        -885629.636936467467138436407136925534        -2125523.73248778566158972714861263851         3.4893089398462238        1.8807654932001920       -4.1797419483689300     
  -367998.835503434079741994460754916927         220566.971965308863478908750765938852        -462244.486596076299897699222601898961        -1.3592386001317163        3.1247977207686048        1.1064294665311112     
  -715577.101448885784873542331707696488         369962.900999931927416544654718677528        -390265.912076891208257133983883235816        -3.4570585426805605       -1.5083410310439214        2.9921618543630366     
   147155.844574045527575169198808424643         1179406.63251234179090518370824902670         517734.791256913593041583046550080367        -1.2306116263118780       -1.9537420997829629        4.2408400465308258     
  -190405.468012400361343831983740315661         13453.7456915673564342261687848401048        -251419.488252622049393838890296581916       -0.31022194499207867       0.27128929861159562       -1.0900024024037156     
   3177777.42124036864614988853218469064        -517908.541075737223997882903159251082         869763.703130780273810314029980794671       -0.32860183257334280        4.4453490182669722        1.4629165804923827     
  -593776.932398086984239295550436210675         205222.109949701551811263047775391032        -263594.656478552614143153572934252788        -2.6347629094285341      -0.77463696860144760        3.3310890445068400     
   5.45540348569849632730851402007132833E-0003  -2.13791257653339215752744117970962634        -6.58565323358998310669535123111986617E-0006   5.0220165321678467E-004 -0.19612673741660597       -1.2083605466267381E-006
  0.453809615287604288356862816677939065         213.791463419459271039224645960530324        -6.58596836102398276255934330172779662E-0006  -5.0339436937859618E-002   19.612711496948425       -1.2084503093087897E-006
