          12
   5.0000000000000000     
  -268580.284767139852399986308523205377         661724.620269663922219697347326672369         1298800.84464835332943263711269477064       -0.98535342056093345       -5.0896140690307741        1.5018296137317302     
  -668595.650121129478745537421668920736         529952.402605419562769755773695701251        -705657.908397776244154801826846679048         4.0068478478014251       0.91773086126567571       -4.6950952358109070     
   833186.059619579194263316392898843816        -1776718.84168873713407135258718350093         1512453.24096199241169207564683407696         2.8096919104776532       -1.3135977315535796       -4.6704276126352609     
  -1353240.04405549861546191987293763500        -885640.733452776751278919900312036641        -2125499.07201012959779939671678405942         3.4893089120537040        1.8807654590994189       -4.1797420028390855     
  -367990.815997834228563465557848566332         220548.535658711582336669919657268214        -462251.014527801368495636578498375636        -1.3592378743845963        3.1247977359229124        1.1064287453425423     
  -715556.704800328268166852180298676015         369971.800209914254545553982111982813        -390283.565831508467409982147122704520        -3.4570596124006681       -1.5083403188999907        2.9921617447262348     
   147163.105182414485200363583050631168         1179418.15959037030308942715639553009         517709.770300519987101767119264117396        -1.2306115496058165       -1.9537419776786895        4.2408400868946456     
  -190403.637704917238409756918837700835         13452.1450864012190156850019701062489        -251413.057239492078382308984096926701       -0.31022126962408969       0.27128872380694108       -1.0900020484248225     
   3177779.35999108012981426948408147912        -517934.768634934353949090197755111812         869755.071922939867552960691576835429       -0.32860179843808862        4.4453490146583805        1.4629165857470088     
  -593761.387296225790751937435585361442         205226.680309967052019046188093831505        -263614.309907097699543978382985542903        -2.6347631452238778      -0.77463769766761670        3.3310901233239041     
   2.49055032056119587252629443696605449E-0003 -0.980758163542635874685565733344105865        -1.38577324625618047342239606454898557E-0006   5.0282756885390947E-004 -0.19612969804621111       -5.5430589104310203E-007
  0.750808186010851214177300519403424062         98.0758596515249666814018070226666168        -1.38579986622757865522823115318369664E-0006  -5.0337469433350900E-002   19.612987123533319       -5.5432327193805422E-007
