          12
   2.5000000000000000     
  -268577.821383579188116830147731173280         661737.344304834230342397070057103318         1298797.09007424783238515562933113053       -0.98535342797048653       -5.0896140672156402        1.5018296706658973     
  -668605.667240656865263655982967172470         529950.108277988096587204406434645776        -705646.170659287427758603371552581463         4.0068477741060207       0.91773108390991209       -4.6950955552455209     
   833179.035389796298598019199665998286        -1776715.55769438840854839775224016654         1512464.91703101010288445108786792303         2.8096919158388656       -1.3135977474268268       -4.6704276015176776     
  -1353248.76732776402879564576486881574        -885645.435366406437776317741861209522        -2125488.62265509364947218841068732330         3.4893089002769355        1.8807654446497613       -4.1797420259195688     
  -367987.417903532686408827295232448760         220540.723664363776847322827778796740        -462253.780599282710836624042255449419        -1.3592375668474201        3.1247977423189730        1.1064284397288158     
  -715548.062150730696166610361741433647         369975.571060334314767917254229701037        -390291.046235812250101481838404637858        -3.4570600656552823       -1.5083400171486387        2.9921616983032182     
   147166.181711247871235044468729569180         1179423.04394524982572581615625217930         517699.168200281371898535601183688455        -1.2306115171029863       -1.9537419259394009        4.2408401039974697     
  -190402.862152100897898784304107522314         13451.4668648961551695702938552523516        -251410.332234558523676884314312918172       -0.31022098344800048       0.27128848024396934       -1.0900018984173092     
   3177780.18149555814496259977842973474        -517945.882007469088463175672654159580         869751.414631472716895955677451901478       -0.32860178397403356        4.4453490131292197        1.4629165879735138     
  -593754.800388237817953131604253869142         205228.616904597374519445010521145877        -263622.637632977427212124063027331995        -2.6347632451562562      -0.77463800658999049        3.3310905804591608     
   1.23319465422997307717072057453577827E-0003 -0.490428891327769038519651667584753341        -3.46445441229709173492785954412704266E-0007   5.0303416956148960E-004 -0.19613487766166940       -2.7715550111615761E-007
  0.876646338952964131364812075397630053         49.0428999570874649960305902141044498        -3.46447886588505298217559102278047764E-0007  -5.0330773399067726E-002   19.613496425617296       -2.7715914187587186E-007
