          12
  0.30000000000000004     
  -268575.653606030480629249166529826095         661748.541455780347313767684180874110         1298793.78604891725518688393170574366       -0.98535343449086088       -5.0896140656179050        1.5018297207679114     
  -668614.482305688553203745160824489297         529948.089269387962987183974400418052        -705635.841448756659654688349059270492         4.0068477092452826       0.91773127984995229       -4.6950958363644117     
   833172.854067576263500449287313642827        -1776712.66777932870428354858033381794         1512475.19197172267988104425173734313         2.8096919205566682       -1.3135977613952230       -4.6704275917341249     
  -1353256.44380733323801362484040122776        -885649.573050370679903267137345057615        -2125479.42722261428455271260462566828         3.4893088899132412        1.8807654319339770       -4.1797420462303512     
  -367984.427581183325938405342392378825         220533.849109324495265919462427817156        -462256.214741554268556240790272182673        -1.3592372962062311        3.1247977479350690        1.1064281707762549     
  -715540.456618147511677395539164692221         369978.889408079948547045070483818571        -390297.628991503594905631627787201398        -3.4570604645111569       -1.5083397516096926        2.9921616574673418     
   147168.889056554034944930451356270841         1179427.34217743680868986986820523564         517689.838352036022157259745335444719        -1.2306114885003665       -1.9537418804087339        4.2408401190477116     
  -190402.179666214332219857063854817636         13450.8700304753881597213867188367327        -251407.934230527220392700651629969137       -0.31022073161146096       0.27128826590772898       -1.0900017664025943     
   3177780.90441946888664758693633649575        -517955.661775296492473303284764796199         869748.196214977019923487656094529497       -0.32860177124568279        4.4453490117835095        1.4629165899328227     
  -593749.003909001730918772555822826604         205230.321108510907540586912234381588        -263629.966032696948581161940916572912        -2.6347633331061515      -0.77463827843972366        3.3310909827428046     
   1.27824973493170584385586474596152584E-0004  -5.89006562365178552333200290291870260E-0002  -4.98884134083333849639293100877621937E-0009   4.9656281991356682E-004 -0.19620847050027954       -3.3258930005551247E-008
  0.987217010231912827684800162963973946         5.89006577952179669055432498225854943        -4.98882318050617626184075963057024979E-0009  -4.9659564782346545E-002   19.620848089161388       -3.3258833182881530E-008
