          12
   7.9000000000000004     
  -268583.142292047016176342797560971928         661709.860388860680672310585759277072         1298805.19995413738808506674826670498       -0.98535341196579973       -5.0896140711356948        1.5018295476880155     
  -668584.030262246914773335226267469928         529955.064024542769261160771870899922        -705671.524173422836386908351125057904         4.0068479332747957       0.91773060301821707       -4.6950948652916349     
   833194.207726110561783261023727220646        -1776722.65112213194054082762290969191         1512439.69672189706979969307243383269         2.8096919042585498       -1.3135977131405203       -4.6704276255315387     
  -1353229.92505963385144378658686559188        -885635.279232921058798369087494695175        -2125511.19326189900969153746546069782         3.4893089257145466        1.8807654758608889       -4.1797419760656558     
  -367994.757788187206148031687669153198         220557.597572134978188599695458904638        -462247.805883925855338169195601905082        -1.3592382311148878        3.1247977284846478        1.1064290998355613     
  -715566.730272441841090412556480870902         369967.426022481894755869449298302251        -390274.888562370648290133571256532707        -3.4570590866129223       -1.5083406689349539        2.9921617986017348     
   147159.536408865958804641114188171959         1179412.49373854800957453823895271237         517722.068736743214190559805865099448        -1.2306115873089045       -1.9537420376961228        4.2408400670550046     
  -190404.537347080493600568024126218359         13452.9318241099305745428400676866327        -251416.218245684808395878775677534371       -0.31022160158595774       0.27128900633873765       -1.0900022224212655     
   3177778.40704584033078498974712877687        -517921.877122789272680120571390460764         869759.314381034788869885222006850212       -0.32860181521641907        4.4453490164321350        1.4629165831642397     
  -593769.028109178870691954966742898165         205224.433861163426886620189670828994        -263604.649746508953395287374599220693        -2.6347630293165603      -0.77463733931470269        3.3310895930540019     
   3.94831413748863552351563502296194486E-0003  -1.54953102073118559886891199006697661        -3.45941966349591100310804399115352423E-0006   5.0252404083613934E-004 -0.19612772803509140       -8.7579394010648812E-007
  0.604827125464260007692155265979216949         154.953210160457406946443725814788195        -3.45953483973555944281818998544166028E-0006  -5.0338849290115152E-002   19.612800167411542       -8.7583989210645300E-007
