          12
  0.70000000000000007     
  -268576.047747404039869545320368127147         661746.505610154042045992859311098781         1298794.38678080374046080879002484928       -0.98535343330534053       -5.0896140659084317        1.5018297116584580     
  -668612.879566602496387047682158133405         529948.456361892777679580882749243998        -705637.719487080982668285354941772836         4.0068477210387545       0.91773124422357732       -4.6950957852507402     
   833173.977944344314612256732210937599        -1776713.19321843275443195194901457859         1512473.32380068563046398392446523217         2.8096919196988899       -1.3135977588555188       -4.6704275935129589     
  -1353255.04808377689585340392930401517        -885648.820744197443918762726877691473        -2125481.09911943203812017834097858325         3.4893088917975588        1.8807654342459443       -4.1797420425374847     
  -367984.971276111650055327078612243950         220535.099028423465258067813765663335        -462255.772170276177774540680570636320        -1.3592373454143101        3.1247977469148269        1.1064282196775892     
  -715541.839442318812412822975899118231         369978.286072169648741833594129957427        -390296.432126839123272987256418886647        -3.4570603919924774       -1.5083397998893446        2.9921616648909057     
   147168.396811957594701179738994056824         1179426.56068068298953430471098791097         517691.534688083093964500105976789242        -1.2306114937008514       -1.9537418886870435        4.2408401163113219     
  -190402.303754516134520237519156538053         13450.9785457895453087667687747108754        -251408.370231238582086693980344183068       -0.31022077740003279       0.27128830487801198       -1.0900017904058339     
   3177780.77297875992552560300320740869        -517953.883635691730133571659688840309         869748.781381612921805214156401042614       -0.32860177355992720        4.4453490120281876        1.4629165895765857     
  -593750.057814331775060713959346614417         205230.011253209417066745171021047144        -263628.633596318480024491656132923363        -2.6347633171146065      -0.77463822901263546        3.3310909096000021     
   3.27997642936494005828137326963300779E-0004 -0.137371996500408962652711730711985183        -2.71614428079695534597736750823002784E-0008   5.0208963099892439E-004 -0.19616104624550046       -7.7604055522265334E-008
  0.967197554761479247337077960744444738         13.7372004986665738057727281784536899        -2.71613967618763508023602623516276153E-0008  -5.0216622937967165E-002   19.616107049194994       -7.7604056058873438E-008
