          12
   13.000000000000000     
  -268588.167594409496769139376187718323         661683.903357088452469184722826156556         1298812.85928453442464336341222175272       -0.98535339685009071       -5.0896140748357999        1.5018294315419629     
  -668563.595337403979012998955222535308         529959.744449460159757827652088346682        -705695.469155574366582399413738713135         4.0068480835554006       0.91773014891061455       -4.6950942137535883     
   833208.537154794390417588769714996062        -1776729.35047038638366320225797645440         1512415.87754094902644607471275950416         2.8096918933212529       -1.3135976807586920       -4.6704276482108877     
  -1353212.12958405144650607771772410356        -885625.687328919002428531206672079913        -2125532.50994585687920756812419043057         3.4893089497382581        1.8807655053376158       -4.1797419289811755     
  -368001.689904765575763204670800554650         220573.534040516794589340864307658297        -462242.163093927075048335138401922629        -1.3592388584347186        3.1247977153544957        1.1064297232050664     
  -715584.361271425616090712001904350385         369959.733483500582992145568894670767        -390259.628536956045963989895275503260        -3.4570581619194369       -1.5083412845225150        2.9921618934129035     
   147153.260289601605566615802889174337         1179402.52965388661294291237635611944         517743.697020996222276661904992955938        -1.2306116536138261       -1.9537421432436550        4.2408400321636508     
  -190406.119478737246722737619375465113         13454.3153993092605603579177270257001        -251421.777257799376693791906511865613       -0.31022218537472401       0.27128950320174028       -1.0900025283830372     
   3177776.73117650748477464142140169731        -517899.205842797514797510245454503756         869766.775255597343983910919029689480       -0.32860184472320769        4.4453490195513075        1.4629165786220668     
  -593782.465400108675283953986179241753         205220.483212339964847709131157138517        -263587.661191962327610218516094064962        -2.6347628255166557      -0.77463670910014515        3.3310886605286116     
   6.50978883889657506468849959557765317E-0003  -2.54977822969894846400276677833574013        -9.36764287028113294933047172847681481E-0006   5.0197478929418110E-004 -0.19612628775227134       -1.4411527920183280E-006
  0.348096482424973404512383648445883466         254.978115659796536723868953799865267        -9.36818650212922413889554873087060822E-0006  -5.0339728742853279E-002   19.612673804494602       -1.4412818335975539E-006
