          12
   9.4000000000000004     
  -268584.620322161630543308850210815205         661702.225967753160744336902165940754         1298807.45269843329967923571677257407       -0.98535340752002043       -5.0896140722241796        1.5018295135274395     
  -668578.019990313848532311690742169169         529956.440620347119945412520808369905        -705678.566815577044884115519574052611         4.0068479774795556       0.91773046945031267       -4.6950946736542205     
   833198.422263964536997393275363776894        -1776724.62151869450829829785304392322         1512432.69108045376965936782698296525         2.8096919010417314       -1.3135977036164852       -4.6704276322019762     
  -1353224.69109623998021678765446562661        -885632.458084700765207094666220388769        -2125517.46287485272191253039553160418         3.4893089327804132        1.8807654845305595       -4.1797419622173022     
  -367996.796645672261634227822590936794         220562.284768724814350041906196864251        -462246.146240138588448996435492643920        -1.3592384156251458        3.1247977246293317        1.1064292831860520     
  -715571.915860867787617492802310081882         369965.163511342701949094449176413953        -390270.400319651838761613807937678177        -3.4570588146485211       -1.5083408499889508        2.9921618264788234     
   147157.690491470369304814644895174060         1179409.56312546818280484804408736475         517728.429996836100183316067835370673        -1.2306116068104189       -1.9537420687395632        4.2408400567929680     
  -190405.002679611650176834497516509271         13453.3387577290411826383327437151034        -251417.853249085935476053590698075617       -0.31022177328936251       0.27128915247534657       -1.0900023124142537     
   3177777.91414311099731383155643504854        -517915.209099263936402996406638266062         869761.508755908533286417206320528762       -0.32860182389487719        4.4453490173495638        1.4629165818283145     
  -593772.980253677885475440224594123635         205223.271905293471878267710928334099        -263599.653112325078583557488309807577        -2.6347629693705001      -0.77463715395849975        3.3310893187794153     
   4.70197974280381984757935798224792734E-0003  -1.84372216584013643098441392886854828        -4.89782397109830345356205568384960667E-0006   5.0236324654682378E-004 -0.19612716190277896       -1.0420781633637295E-006
  0.529318587158536870736083926325399318         184.372369613973559637765120555741305        -4.89802269372731677617380093762260213E-0006  -5.0339183126846605E-002   19.612748749870942       -1.0421442102904199E-006
