          12
   2.3000000000000003     
  -268577.624312893534743548671489543619         661738.362227647658946087048104089971         1298796.78970831324373302749497494099       -0.98535342856324903       -5.0896140670704080        1.5018296752206279     
  -668606.468610211096858827405919889436         529949.924731769533384361840072651617        -705645.231640173823095212078948534851         4.0068477682099299       0.91773110172213568       -4.6950955808011470     
   833178.473451413087936267634070475225        -1776715.29497483879619773091823597957         1512465.85111653031747763013259433506         2.8096919162677589       -1.3135977486966832       -4.6704276006282663     
  -1353249.46518954398996691485812515761        -885645.811519495252130342957397335392        -2125487.78670668828091594183549162265         3.4893088993347865        1.8807654434937842       -4.1797420277660047     
  -367987.146056021777265774246878926588         220540.098704815261948334647046365820        -462254.001884968211626085353022075376        -1.3592375422440035        3.1247977428300087        1.1064284152790658     
  -715547.370738713939115836798476877360         369975.872728335330495855162169505100        -390291.644668151539443678513796598383        -3.4570601019152245       -1.5083399930086479        2.9921616945902323     
   147166.427833551031808696671898672993         1179423.43469363459969065697774404109         517698.320032260435584542315745615311        -1.2306115145027532       -1.9537419218002530        4.2408401053656819     
  -190402.800107906497715543164828133638         13451.4126072020548837468363473357509        -251410.114234180040316718321158351295       -0.31022096055383080       0.27128846075888852       -1.0900018864162848     
   3177780.24721591482405686037750192061        -517946.771077271702072303767305783122         869751.122048155104381656977374781504       -0.32860178281691005        4.4453490130068838        1.4629165881516331     
  -593754.273435587987195729099410002078         205228.771832201163886375008815754471        -263623.303851097176149034059244868895        -2.6347632531513372      -0.77463803130367836        3.3310906170302226     
   1.13258722489627769740207913207186152E-0003 -0.451201829012557487173090686738419208        -2.93231565660989961965812214605738497E-0007   5.0303940820324209E-004 -0.19613577007602814       -2.5498324911909845E-007
  0.886712334324653487198234294575094339         45.1201920629518845873295873616370955        -2.93233350257072402042281386268761887E-0007  -5.0329108760243227E-002   19.613584974296721       -2.5498622675984764E-007
