          12
   15.100000000000001     
  -268590.236836536346593143274180670584         661673.215167529698110019473755727430         1298816.01312629044660654085985296299       -0.98535339062592620       -5.0896140763587612        1.5018293837170400     
  -668555.180956363550568241015947812350         529961.671682576555457741033366980688        -705705.328853141577501455238285998873         4.0068481454228184       0.91772996194429457       -4.6950939454972334     
   833214.437507765636192102545187765401        -1776732.10902550197645507542715259666         1512406.06964287797820244799995581530         2.8096918888175666       -1.3135976674249088       -4.6704276575493280     
  -1353204.80203524660962615228931849028        -885621.737721345049204077029270099099        -2125541.28740388738250815815478134139         3.4893089596301747        1.8807655174749640       -4.1797419095933854     
  -368004.544306639500500941646898844793         220580.096115713344939716399339957310        -462239.839591238846070252064696104478        -1.3592391167304914        3.1247977099297808        1.1064299798683748     
  -715591.621093165841635207219395553605         369956.565966536931516725452695482098        -390253.344996938864285895357530975490        -3.4570577811513430       -1.5083415380030150        2.9921619324767312     
   147150.676005100349579719674064648406         1179398.42679534016760773183496446857         517752.602785048680234541920719415471        -1.2306116809156646       -1.9537421867042670        4.2408400177962697     
  -190406.770945578934239768403857695500         13454.8851074808032500316952312369163        -251424.066263241253313084757892159609       -0.31022242575601910       0.27128970779117961       -1.0900026543554469     
   3177776.04111262080866657472356939781        -517889.870609855108526126616919071903         869769.847380410486482711296951642011       -0.32860185687308779        4.4453490208356028        1.4629165767517378     
  -593787.998401954159812012424835003827         205218.856475523332365765175056004909        -263580.665906178391212557429179597075        -2.6347627416127990      -0.77463644959717803        3.3310882765543246     
   7.56369735981183250681783233893007434E-0003  -2.96164305784062139312654005074421093        -1.26384924356185222660761552866509329E-0005   5.0174757308769913E-004 -0.19612594312182999       -1.6739414310550023E-006
  0.242382778826748745455580205665491178         296.164700673111191880915171736887714        -1.26393544948248485213906255640033826E-0005  -5.0339985081022331E-002   19.612646615438180       -1.6741168331594823E-006
