          12
   5.6000000000000005     
  -268580.875979191655470987219050948976         661721.566501222373083960313078222296         1298801.74574611746920871223343052500       -0.98535341878263427       -5.0896140694663314        1.5018296000675204     
  -668593.246012415492262633775477631509         529952.953243920292452517387810084770        -705660.725454894732239068165791095977         4.0068478654867432       0.91773080783341732       -4.6950951591495551     
   833187.745434725094846272832604938714        -1776719.62984737492334291261292245059         1512450.43870542403007117086277677486         2.8096919091909509       -1.3135977277439892       -4.6704276153034670     
  -1353237.95047015053531762713567854202        -885639.604993500251255663749117008644        -2125501.57985532963945496122137868154         3.4893089148801035        1.8807654625673209       -4.1797419972997600     
  -367991.631540581001571053004206568458         220550.410537352674941661599961051355        -462250.350670532159411525606057535876        -1.3592379481919947        3.1247977343856208        1.1064288186875912     
  -715558.779036063073823946439899756936         369970.895205701188339816845029872646        -390281.770534458288383682992295220503        -3.4570595036180882       -1.5083403913207185        2.9921617558707045     
   147162.366815482381512551655067255742         1179416.98734517997065066373107988804         517712.314804570892475948853950207236        -1.2306115574064724       -1.9537419900961017        4.2408400827899246     
  -190403.823837699617462313717020094839         13452.3078596530396727176588506091899        -251413.711240731933408246026318000326       -0.31022133830606657       0.27128878226190573       -1.0900020844251681     
   3177779.16283000002554805332212473065        -517932.101425525448821002789667744519         869755.949672891155449861933512956070       -0.32860180190946497        4.4453490150253714        1.4629165852126449     
  -593762.968154105730423410570706366258         205226.215527370693958084127417329500        -263612.311253056618705094923393872359        -2.6347631212417988      -0.77463762352589571        3.3310900136122736     
   2.79222858203898218886363641333403507E-0003  -1.09843580623425709575161079989413793        -1.73831139551457955495352471675743387E-0006   5.0276639305060170E-004 -0.19612913153600131       -6.2082122408451924E-007
  0.720605562708843723490484758920082697         109.843634935516151124312855813514034        -1.73834985460644630153170102630395872E-0006  -5.0337917267952698E-002   19.612932550784908       -6.2084340371587842E-007
