          12
   1.1000000000000001     
  -268576.441888777124901529966966018389         661744.469764527620570285868506488240         1298794.98751268658195301285152023504       -0.98535343211981918       -5.0896140661989442        1.5018297025490028     
  -668611.276827511722235549639914431403         529948.823454383341903131169475793527        -705639.597525384860315371448047372339         4.0068477328319565       0.91773120859760815       -4.6950957341375803     
   833175.101821112022612358463113935187        -1776713.71865753578869839343218339769         1512471.45562964786951403543258098949         2.8096919188411102       -1.3135977563158128       -4.6704275952917893     
  -1353253.65236021979996682391422790911        -885648.068438023283148149513988034466        -2125482.77101624831454051723911291559         3.4893088936818724        1.8807654365579081       -4.1797420388446174     
  -367985.514971059657351446464113031707         220536.348947522027076277072454857365        -462255.329598978526536183384781919537        -1.3592373946221268        3.1247977458941998        1.1064282685785380     
  -715543.222266461105625810795727304051         369977.682736240037061967136367002248        -390295.235262171682113385221546408831        -3.4570603194735448       -1.5083398481690662        2.9921616723149769     
   147167.904567359074264216898253465605         1179425.77918392585905549617142362715         517693.231024129071213685163166395838        -1.2306114989013328       -1.9537418969653502        4.2408401135749232     
  -190402.427842836252239556404930453948         13451.0870611192905658977299193646000        -251408.806231959545026388571919984110       -0.31022082318855565       0.27128834384826944       -1.0900018144088226     
   3177780.64153805003870576042536433267        -517952.105496086869923295032958066013         869749.366548248681192063647693579709       -0.32860177587417216        4.4453490122728638        1.4629165892203482     
  -593751.111719655422643040044716755716         205229.701397927697440237718162769896        -263627.301159969268560236784759709390        -2.6347633011233529      -0.77463817958548686        3.3310908364573431     
   5.29007088891883924127411409354948546E-0004 -0.215833388380112753488632160170368479        -6.70720683123565064066619637322850335E-0008   5.0279043933007875E-004 -0.19614787188721935       -1.2194905019182001E-007
  0.947092670822734965767200968067562883         21.5833409335972815912274569427609094        -6.70720850921125822527462976559852834E-0008  -5.0291080809518003E-002   19.614790998878682       -1.2194940691778767E-007
