          12
   7.0000000000000000     
  -268582.255473975046598411529213956680         661714.441041524408874655669432485209         1298803.84830753524551949372456416406       -0.98535341463326065       -5.0896140704825168        1.5018295681843499     
  -668587.636425374926083006143495701629         529954.238066963988453008708306990471        -705667.298587992330460354249987986420         4.0068479067501048       0.91773068316169804       -4.6950949802775162     
   833191.679003395860551983234110196037        -1776721.46888418754258750561630941780         1512443.90010675824716117980062168868         2.8096919061886272       -1.3135977188549286       -4.6704276215292593     
  -1353233.06543766508674191512973106196        -885636.971921846992780715892845666583        -2125507.43149411681154814247607376386         3.4893089214749988        1.8807654706590680       -4.1797419843746582     
  -367993.534473829021215305306591325516         220554.785254178302092357465413741114        -462248.801670066201684523741616272852        -1.3592381204069623        3.1247977307952399        1.1064289898226594     
  -715563.618919190459743805171610731034         369968.783529035051820124637700359934        -390277.581507981864385292206653943469        -3.4570592497898542       -1.5083405603030235        2.9921617818789015     
   147160.643959289271399194685141509344         1179414.25210637355434914795293543941         517718.251980680093954373313658301455        -1.2306115756079683       -1.9537420190700390        4.2408400732121763     
  -190404.258147685426287836729652980250         13452.6876640436826629017215278816262        -251415.237243708928029822660399350547       -0.31022149856358450       0.27128891865659971       -1.0900021684237799     
   3177778.70278747168238004624542247786        -517925.877936903813893726951089746517         869757.997756109580355178212962563534       -0.32860181000934791        4.4453490158816686        1.4629165839657914     
  -593766.656822436299577407482486179930         205225.131034818856133428180421596197        -263607.647727216756516879044847101450        -2.6347630652861600      -0.77463745052801647        3.3310897576197189     
   3.49599935927298168599104688514245254E-0003  -1.37301587252344230736036956308510071        -2.71610220543953288201994129695213041E-0006   5.0261978296236903E-004 -0.19612817357956003       -7.7602252295191238E-007
  0.650131972366956692633991124474768242         137.301672115006608315690428412381152        -2.71618076568102262681741731997729689E-0006  -5.0338575484951083E-002   19.612841604446007       -7.7605815733872150E-007
