          12
   16.500000000000000     
  -268591.616331280318269183946672251647         661666.089707822085256719943924252928         1298818.11568740533214785658200352011       -0.98535338647646797       -5.0896140773738709        1.5018293518337329     
  -668549.571368931089687644930275034433         529962.956504436030286566742392162510        -705711.901984540092043767011142918433         4.0068481866636079       0.91772983730629065       -4.6950937666674442     
   833218.371076407879043401263352564030        -1776733.94806223014887557939550655197         1512399.53104415305123508309892432777         2.8096918858150794       -1.3135976585356905       -4.6704276637749169     
  -1353199.91700269851119852288767742007        -885619.104649614920186642222088568867        -2125547.13904255176559243435407964283         3.4893089662247205        1.8807655255664881       -4.1797418966681708     
  -368006.447241523458777782101258857493         220584.470832504711520420147552457014        -462238.290589147257725797955235647075        -1.3592392889236569        3.1247977063074126        1.1064301509713310     
  -715596.460973881759383473405433662177         369954.454288265435755908541182179768        -390249.155970215162375191523258521885        -3.4570575273020738       -1.5083417069910730        2.9921619585270385     
   147148.953148734326830195004998103049         1179395.69155625850004457165209892375         517758.539961066890158231026952684302        -1.2306116991168292       -1.9537422156779642        4.2408400082178996     
  -190407.205257087170148538984859598611         13455.2649131671857348289873673730095        -251425.592267016135731882844617235400       -0.31022258600946540       0.27128984418374702       -1.0900027383332132     
   3177775.58107001551639499250558051888        -517883.647121225339363176860540960415         869771.895463617066088675078838754429       -0.32860186497301619        4.4453490216917775        1.4629165755048443     
  -593791.687069753265297768586306048661         205217.771984614998263557486546382323        -263576.002382770401834468462221039426        -2.6347626856813515      -0.77463627659427481        3.3310880205736568     
   8.26603786550653975398776293626035283E-0003  -3.23621924140626833011138985263244194        -1.50906439218428980263620633005436080E-0005   5.0159599715623494E-004 -0.19612575191691220       -1.8291318535586490E-006
  0.171906686409040268542639320892284616         323.622395648763481329490687699035334        -1.50917755632282049978852404992012847E-0005  -5.0340145994619577E-002   19.612632344276062       -1.8293420925428084E-006
