          12
  0.90000000000000002     
  -268576.244818090641661559234837364226         661745.487687340845834075373499416654         1298794.68714674561667959816479989151       -0.98535343271257991       -5.0896140660536897        1.5018297071037305     
  -668612.078197057698971646987895489595         529948.639908139841089756475606131758        -705638.658506235477149597145052339853         4.0068477269353897       0.91773122641054194       -4.6950957596940963     
   833174.539882728211501138972927549304        -1776713.45593798439855040057905322106         1512472.38971516683893069702693257028         2.8096919192700005       -1.3135977575856661       -4.6704275944023754     
  -1353254.35022199844212597125980845899        -885648.444591110479131737067970409096        -2125481.93506784036097350966132424331         3.4893088927397162        1.8807654354019265       -4.1797420406910506     
  -367985.243123583193312495747684387480         220535.723987972797198379480976271328        -462255.550884629797202852894838498466        -1.3592373700182510        3.1247977464045613        1.1064282441281119     
  -715542.530854393584965776636819256877         369977.984404207256888050228127440285        -390295.833694505773896920656218512124        -3.4570603557330424       -1.5083398240291968        2.9921616686028778     
   147168.150689658594506846365224106411         1179426.16993230483821034402791561044         517692.382856106219408814853033540244        -1.2306114963010926       -1.9537418928261971        4.2408401149431230     
  -190402.365798673903953736158412013435         13451.0328034524694244482208166369115        -251408.588231597863407054540829665961       -0.31022080029430033       0.27128832436314387       -1.0900018024073597     
   3177780.70725840509782794787198290085        -517952.994565889312262424943877903142         869749.073964930819310432608681971046       -0.32860177471704960        4.4453490121505252        1.4629165893984672     
  -593750.584766994398414376544748094517         205229.856325566085896094939422518154        -263627.967378140217159600929841545276        -2.6347633091189433      -0.77463820429906871        3.3310908730286548     
   4.28469185389281840940778334214655843E-0004 -0.176603334854468575158131793401139475        -4.48995058266854677121770284530547580E-0008   5.0256338313910750E-004 -0.19615300416152767       -9.9776569212929755E-008
  0.957148649696519588687829496742587310         17.6603348882771095385013637724114233        -4.48994733839815757755399868198653099E-0008  -5.0266186672284364E-002   19.615303533553575       -9.9776715494217367E-008
