          12
   7.5000000000000000     
  -268582.748150681992748270352638906285         661711.896234489076893828893854987453         1298804.59922231649098173099365904911       -0.98535341315133862       -5.0896140708454016        1.5018295567974984     
  -668585.633001417866985635007348598386         529954.696932294438173243803641421224        -705669.646135466498844628123743305493         4.0068479214862140       0.91773063863728843       -4.6950949163961537     
   833193.083849348686799618026732616755        -1776722.12568304617638450590005882992         1512441.56489294692665902678785361246         2.8096919051163631       -1.3135977156802587       -4.6704276237527491     
  -1353231.32078320376041573709080534368        -885636.031539110940770961424572949051        -2125509.52136510784484968185070741241         3.4893089238303059        1.8807654735489701       -4.1797419797585471     
  -367994.214092904600855352642008178064         220556.347653043378881624657639193277        -462248.248455556010699539380287559377        -1.3592381819115293        3.1247977295118181        1.1064290509411796     
  -715565.347448792691263995430217548258         369968.029358739812555498218671345975        -390276.085427088602431033373951763098        -3.4570591591361612       -1.5083406206540528        2.9921617911690479     
   147160.028653499842284209273568507105         1179413.27523536143237284699591960200         517720.372400715844881729990611951549        -1.2306115821084906       -1.9537420294178651        4.2408400697915303     
  -190404.413258449016753879567964702358         13452.8233085151890431371752981926089        -251415.782244800639626083751665408521       -0.31022155579826693       0.27128896736891461       -1.0900021984225396     
   3177778.53848656595450187475372649790        -517923.655262395796605840387893948655         869758.729214401451924366593382309488       -0.32860181290216489        4.4453490161874845        1.4629165835204854     
  -593767.974203963946815278508450930446         205224.743716109038405406864158386769        -263605.982182360803038369919670813597        -2.6347630453028672      -0.77463738874287980        3.3310896661942313     
   3.74729598767428845985461363654600575E-0003  -1.47107989296597884776654496796766125        -3.11797063714998135369522595480515268E-0006   5.0256668651371629E-004 -0.19612791376961658       -8.3145116981572259E-007
  0.624962643150305968529770531127986999         147.108086715479142420059943674459646        -3.11806839052440079013703883990434091E-0006  -5.0338736966484970E-002   19.612817355347250       -8.3149237509886354E-007
