          12
   6.4000000000000004     
  -268581.664261925733150876336591261758         661717.494809966567737772400459306280         1298802.94720979023564427644321650498       -0.98535341641156515       -5.0896140700470278        1.5018295818485685     
  -668590.040534113671008206113977045909         529953.687428538062441615345138368198        -705664.481530981166404863135221958671         4.0068478890662140       0.91773073659182625       -4.6950950569362000     
   833189.993188251761362616645278933476        -1776720.68072555508675050070094281187         1512446.70236333036425768009680670189         2.8096919074753401       -1.3135977226645290       -4.6704276188610665     
  -1353235.15902301712382714944105099871        -885638.100381128347854861140586724157        -2125504.92364892452495472597862047335         3.4893089186486215        1.8807654671911802       -4.1797419899139898     
  -367992.718930978918815092276184408602         220552.910375539363112699408064898411        -462249.465527438092416791124844577277        -1.3592380466009413        3.1247977323345517        1.1064289164796381     
  -715561.544683607950631308608491210092         369969.688533349507298395000276514119        -390279.376805047647528978463915549912        -3.4570593585737632       -1.5083404878819318        2.9921617707317711     
   147161.382326232295989536134062092278         1179415.42435158127115285895958329840         517715.707476634935221243485892195209        -1.2306115678073328       -1.9537420066526416        4.2408400773169372     
  -190404.072014806892647730796053195957         13452.5248907100251494491001263975600        -251414.583242418673442638979154128969       -0.31022142988186452       0.27128886020176918       -1.0900021324247511     
   3177778.89994855664657484003478293819        -517928.545146313232798557730784949608         869757.120006159040570876617715079205       -0.32860180653796861        4.4453490155146858        1.4629165845001582     
  -593765.075964589933749472984159112372         205225.595817311415561590162703886607        -263609.646381104241594985723162736231        -2.6347630892667118      -0.77463752467005564        3.3310898673305993     
   3.19440847362868432122648409965393057E-0003  -1.25533886288828271321840746033160485        -2.27044307077956118869996180018391761E-0006   5.0268307974432169E-004 -0.19612853539304587       -7.0950787684780124E-007
  0.680335049634732108239524098203254709         125.533957227078907609163493930282129        -2.27050212537751158969721305502069470E-0006  -5.0338339793626466E-002   19.612875707520487       -7.0953735798350375E-007
