          12
   9.9000000000000004     
  -268585.112998865020071198515122512514         661699.681160716957956750092773035047         1298808.20361318721668319885187425918       -0.98535340603809085       -5.0896140725869667        1.5018295021405759     
  -668576.016566321425218773987775300277         529956.899485570714733522804801291173        -705680.914362897902573583440721804961         4.0068479922136273       0.91773042492894541       -4.6950946097766701     
   833199.827109914789793631642034199587        -1776725.27831754552286996414883768472         1512430.35586663711280324499386384928         2.8096918999694527       -1.3135977004418009       -4.6704276344254483     
  -1353222.94644177300119074587037015785        -885631.517701957777456636214108431938        -2125519.55274583267653376329464620652         3.4893089351356901        1.8807654874204416       -4.1797419576011805     
  -367997.476264895449874284776847765952         220563.847167586807463938490814214777        -462245.593025481716491963011667065709        -1.3592384771277459        3.1247977233430237        1.1064293443016755     
  -715573.644390252447996690648990281173         369964.409340902619590948887662307251        -390268.904238736275896292718945446142        -3.4570587239929300       -1.5083409103404994        2.9921618357727695     
   147157.075185665338971956093150339474         1179408.58625443122607193478512677141         517730.550416863641491965677965403343        -1.2306116133109113       -1.9537420790873676        4.2408400533722652     
  -190405.157790512603440104372198860017         13453.4744023174568883407993397094411        -251418.398250249641839032390955299683       -0.31022183052367774       0.27128920118746952       -1.0900023424111327     
   3177777.74984219832667002683147805517        -517912.986424755185169261302302601261         869762.240214199336116314076883249085       -0.32860182678769811        4.4453490176553698        1.4629165813830047     
  -593774.297635157575428889832336309979         205222.884586731939021836415570909638        -263597.987567688544988977291660958708        -2.6347629493893896      -0.77463709217291032        3.3310892273550001     
   4.95314791876975028464416897500122161E-0003  -1.94178570768669929999875045645296723        -5.43271997768143383248250232419468329E-0006   5.0230944479729995E-004 -0.19612700784811554       -1.0975058288948469E-006
  0.504148972559918034935669620133502633         194.178740511400801521668668669917679        -5.43295358278746953078389775499169918E-0006  -5.0339274013416209E-002   19.612735076302403       -1.0975793789186490E-006
