          12
   3.9000000000000004     
  -268579.200878375442258297254444210363         661730.218845139416849668954068164365         1298799.19263576444645608008732207147       -0.98535342382114166       -5.0896140682321764        1.5018296387827716     
  -668600.057653744226931288252013807444         529951.393101418291976939015791581156        -705652.743792939550681435388890250194         4.0068478153767542       0.91773095922718684       -4.6950953763596894     
   833182.968958476371425414055416069942        -1776717.39673122858380232621661187755         1512458.37843236362003034682077728945         2.8096919128365969       -1.3135977385378172       -4.6704276077435365     
  -1353243.88229529902457109020452730160        -885642.802294778263830962264091528648        -2125494.47429392088932614558460798547         3.4893089068719463        1.8807654527415829       -4.1797420129945033     
  -367989.320836246828628671683980577709         220545.098381200518001902565190519557        -462252.231599347288060135206383405327        -1.3592377390695007        3.1247977387390313        1.1064286108743615     
  -715552.902034644938970119082410903414         369973.459384192020475987074945578578        -390286.857209416430204262441483464829        -3.4570598118339180       -1.5083401861290620        2.9921617242976684     
   147164.458855111185926002501656029144         1179420.30870653322874905598038886021         517705.105376420264085296421563420195        -1.2306115353045897       -1.9537419549134165        4.2408400944199229     
  -190403.296461589906361344776142274793         13451.8466688639735343586885246702774        -251411.858237275112058597828224026920       -0.31022114370684595       0.27128861663935661       -1.0900019824227234     
   3177779.72145305491140846695409527531        -517939.658518850108115067427672073545         869753.462714695007028021734307721103       -0.32860179207390178        4.4453490139855569        1.4629165867266731     
  -593758.489056741861824053153595670580         205227.532411509245813321947182750181        -263617.974106343982092261853944492595        -2.6347631891927237      -0.77463783359375182        3.3310903244627292     
   1.93738058732204997662183429407711799E-0003 -0.765014749884538154071217386231751334        -8.43106723432071588263456685319082376E-0007   5.0293383675958675E-004 -0.19613117279731623       -4.3236034917148874E-007
  0.806178722988993070463917614554283375         76.5015013305025130263548049924793304        -8.43118412351213966655373189458544900E-0007  -5.0336059579327679E-002   19.613130788479207       -4.3237044113609486E-007
