          12
   14.500000000000000     
  -268589.645624501437535219725699642264         661676.268935975382846840318062930945         1298815.11202865611709969394238495263       -0.98535339240426179       -5.0896140759236665        1.5018293973813084     
  -668557.585065245501602800792251279866         529961.121044583363582913308059696434        -705702.511796751286238642318915381636         4.0068481277471770       0.91773001536210264       -4.6950940221404780     
   833212.751692631959615952887965306701        -1776731.32086690037861039856009748297         1512408.87189947170737013652230817939         2.8096918901043395       -1.3135976712345663       -4.6704276548812080     
  -1353206.89562062153986142893635769010        -885622.866180654493843729204993753280        -2125538.77955873996465951681900108382         3.4893089568039248        1.8807655140071580       -4.1797419151327571     
  -368003.728763191601591073758847905138         220578.221237086921723372966441800703        -462240.503449204767753864695895016391        -1.3592390429324370        3.1247977114807814        1.1064299065370873     
  -715589.546858464513317486827004287901         369957.470971438006361800523436045304        -390255.140294095001516627222448718714        -3.4570578899429392       -1.5083414655798204        2.9921619213142132     
   147151.414372106558826651288018894083         1179399.59904064846497817929393825418         517750.058281036770969479801629553591        -1.2306116731151511       -1.9537421742869576        4.2408400219012563     
  -190406.584812144084692023365823487791         13454.7223336736647550840235837421584        -251423.412261659437438787581264865161       -0.31022235707578694       0.27128964933712602       -1.0900026183640350     
   3177776.23827373389110087611476862510        -517892.537819267499813519701756803197         869768.969630464275123694562474874160       -0.32860185340169190        4.4453490204686661        1.4629165772861188     
  -593786.417544302000647661977650315663         205219.321257415333842835672428783754        -263582.664559177235757005771654704058        -2.6347627655845116      -0.77463652374105274        3.3310883862608613     
   7.26262933287307629035868539180142989E-0003  -2.84396746512795643236151676980227876        -1.16540807637849245202662538974277819E-0005   5.0181251432133067E-004 -0.19612603353074048       -1.6074307593244915E-006
  0.272586748652921039877275802276734851         284.397110643376528710257744592126983        -1.16548418009910278115848036008386090E-0005  -5.0339914097625456E-002   19.612653578046196       -1.6075921934661187E-006
