          12
   3.6000000000000001     
  -268578.905272348162543580216837790783         661731.745729359853832022373421040155         1298798.74208687178680918104800579024       -0.98535342471028797       -5.0896140680143613        1.5018296456148716     
  -668601.259708087513445403604062100506         529951.117782126516230075722463377375        -705651.335264320892957438978720929824         4.0068478065333064       0.91773098594449531       -4.6950954146918429     
   833182.126050902423943744303791447720        -1776717.00265190673673836926488300838         1512459.77956064574297589212792392032         2.8096919134799423       -1.3135977404426069       -4.6704276064094259     
  -1353244.92908797087417415267729392522        -885643.366524413826212499636636454904        -2125493.22037131657552510867192907538         3.4893089054587341        1.8807654510076242       -4.1797420157641625     
  -367988.913064930643443504148515366124         220544.160941878781157047583194596985        -462252.563527925049327256421943799248        -1.3592377021650397        3.1247977395065587        1.1064285742007145     
  -715551.864916693230207310499890738268         369973.911886242427669699264214386866        -390287.754857932883884085798475993544        -3.4570598662244709       -1.5083401499188998        2.9921617187269063     
   147164.828038571192252377437537091955         1179420.89482911877146731670085166863         517703.833124391630256327859194165326        -1.2306115314042503       -1.9537419487047016        4.2408400964722626     
  -190403.203395251945476397797962775383         13451.7652822833658604439939360242202        -251411.531236683085372965309745030276       -0.31022110936571523       0.27128858741180001       -1.0900019644218220     
   3177779.82003359227322610116618639683        -517940.992123554276258485191686276021         869753.023839718948948536093035421813       -0.32860179033821524        4.4453490138020584        1.4629165869938539     
  -593757.698627783305227602718145973910         205227.764802864884542621407015339218        -263618.973433449549344555858931826715        -2.6347632011846094      -0.77463787066443668        3.3310903793189603     
   1.78649641632277162648636745223562627E-0003 -0.706175317037908036824772617379153417        -7.18387323859262317018407332921733002E-0007   5.0296037966926770E-004 -0.19613172736000206       -3.9910230238042749E-007
  0.821279450450162494713627139852896164         70.6175541490855437631868340986329713        -7.18396236155678885790845799243914913E-0007  -5.0335431137690782E-002   19.613185205612364       -3.9911074545426968E-007
