          12
   6.7000000000000002     
  -268581.959867950523247470604598641227         661715.967925745520967865196393376007         1298803.39775866376539825573777076081       -0.98535341552241329       -5.0896140702647763        1.5018295750164596     
  -668588.838479745624837432493303701570         529953.962747755032706947257020724251        -705665.890059492497833952594499251588         4.0068478979082371       0.91773070987664818       -4.6950950186067146     
   833190.836095823907460855086704043543        -1776721.07480487160038900637110126359         1512445.30123504450582382722390040186         2.8096919068319841       -1.3135977207597294       -4.6704276201951638     
  -1353234.11223034131726282831287289095        -885637.536151487930409361795380807104        -2125506.17757152108370144195648165917         3.4893089200618110        1.8807654689251248       -4.1797419871443253     
  -367993.126702398434563587819590146919         220553.847814858948050957031528085384        -462249.133598757647777239996739195883        -1.3592380835040256        3.1247977315650037        1.1064289531512572     
  -715562.581801407363980781245471618516         369969.236031197711141152408842458507        -390278.479156515591991904526869561197        -3.4570593041818793       -1.5083405240924581        2.9921617763051938     
   147161.013142761368742035441581350587         1179414.83822897834405577286998045858         517716.979728657822444853811583165266        -1.2306115717076516       -1.9537420128613410        4.2408400752645585     
  -190404.165081241008338791659282307489         13452.6062773724697938904000388271594        -251414.910243061100809094790264897050       -0.31022146422273827       0.27128888942919166       -1.0900021504243362     
   3177778.80136801442483087639691297074        -517927.211541608550869903389024528888         869757.558881134350540510414284689445       -0.32860180827365815        4.4453490156981763        1.4629165842329748     
  -593765.866393514915204811622784220077         205225.363426059575194571063527781961        -263608.647054152270739903848317808861        -2.6347630772763542      -0.77463748759905304        3.3310898124751187     
   3.34520866403184260117961712488465764E-0003  -1.31417739481620964589816957790446850        -2.48828403965173943529997035594228303E-0006   5.0265149838418484E-004 -0.19612834684780076       -7.4276523670000158E-007
  0.665233528645457431951884888499115789         131.417817226206913888697513925762905        -2.48835238557730261290794054721310697E-0006  -5.0338464344805565E-002   19.612857892132951       -7.4279772192822190E-007
