          12
   10.700000000000001     
  -268585.901281588902108618453073995976         661695.609469458656208921218944141199         1298809.40507678164155047494110473146       -0.98535340366700019       -5.0896140731673851        1.5018294839215884     
  -668572.811087918224788236797873075496         529957.633669882164634728542035313481        -705684.670438544842805909983463052938         4.0068480157872601       0.91773035369607625       -4.6950945075742405     
   833202.074863434079096968312150295361        -1776726.32919570384451171182332851464         1512426.61952452814942193063674213959         2.8096918982537997       -1.3135976953623001       -4.6704276379829954     
  -1353220.15499462338526330924259877261        -885630.013089565991580667339289068020        -2125522.89653939580316166236828578916         3.4893089389041192        1.8807654920442431       -4.1797419502153801     
  -367998.563655716513464869437677329243         220566.347005764658250874009626230066        -462244.707881967161551321652684931630        -1.3592385755310534        3.1247977212836808        1.1064294420854170     
  -715576.410037173622502747222240415707         369963.202668135722127587508012425140        -390266.510509261709029493262468335490        -3.4570585789431614       -1.5083410069032026        2.9921618506447296     
   147156.090696370529930773927151932402         1179407.02326076133358459861466549521         517733.943088904150050383248804486398        -1.2306116237116866       -1.9537420956438452        4.2408400478991171     
  -190405.405968013652293683546368185955         13453.6914337095825964306290561944830        -251419.270252142768489555937627688558       -0.31022192209842298       0.27128927912678319       -1.0900023904053244     
   3177777.48696073504510528731116514298        -517909.430145540865157167071952670749         869763.410547464157522297090729956848       -0.32860183141621357        4.4453490181446522        1.4629165806705076     
  -593776.405445504299332994503357596756         205222.264877097743532771714769502568        -263595.322696365172464174438937689611        -2.6347629174205598      -0.77463699331577041        3.3310890810764007     
   5.35496099745705793424965096560796951E-0003  -2.09868722402148446268613235510258619        -6.34619821153190972426790785854155883E-0006   5.0222322799759573E-004 -0.19612678797218563       -1.1861896685021895E-006
  0.463877499593803028365849097647277688         209.868920686486891163946566507547686        -6.34649572462023903614426966151400351E-0006  -5.0339406003766997E-002   19.612715859746846       -1.1862760599962853E-006
