          12
   3.1000000000000001     
  -268578.412595635436922181158575506640         661734.290536393770252957622357570270         1298797.99117204613266546163463655014       -0.98535342619219735       -5.0896140676513184        1.5018296570017031     
  -668603.263131987095260951813879834965         529950.658916622411670235329866907037        -705648.987716597575179160216629625736         4.0068477917938861       0.91773103047384974       -4.6950954785794030     
   833180.721204945415912578945416555626        -1776716.34585303572177300065609850668         1512462.11477444839180877359796628667         2.8096919145521815       -1.3135977436172541       -4.6704276041859059     
  -1353246.67374242301470165345811391685        -885644.306907138607540838173559638615        -2125491.13050030753942037665682462942         3.4893089031033750        1.8807654481176888       -4.1797420203802567     
  -367988.233446094937847418120946407780         220542.598543008708169880548455310521        -462253.116742196868902602000933610450        -1.3592376406572764        3.1247977407852896        1.1064285130774862     
  -715550.136386737455303606897372148436         369974.666056302299569144533819553552        -390289.250938789926311799985958472791        -3.4570599568750775       -1.5083400895687160        2.9921617094429367     
   147165.443344335269234913929903285625         1179421.87170009053685299281188925145         517701.712704342538985807711804376637        -1.2306115249036791       -1.9537419383568404        4.2408400998928171     
  -190403.048284711571435354993120370193         13451.6296380018381153721636206421759        -251410.986235708374899716490979972854       -0.31022105213043627       0.27128853869917363       -1.0900019344200058     
   3177779.98433448671913110447108385945        -517943.214798061100829335507977901880         869752.292381425340696494630798873927       -0.32860178744540491        4.4453490134962239        1.4629165874391543     
  -593756.381246177716232072619773063622         205228.152121815662864662291320350095        -263620.638978662065622906404138703347        -2.6347632211714487      -0.77463793244883594        3.3310904707461901     
   1.53500599813980360974514233207699476E-0003 -0.608109177995157879157567260008931953        -5.32693724536091570592500912713461927E-0007   5.0300014583939858E-004 -0.19613288562084125       -3.4367206083774180E-007
  0.846446821046449311183460309515602660         60.8109344429774673346233981874320307        -5.32699038412330793226237917741689396E-0007  -5.0333936522883344E-002   19.613299299804279       -3.4367807873930431E-007
