          12
   2.9000000000000004     
  -268578.215524950139206639052741332204         661735.308459207285992945777319818061         1298797.69080611427685212209970355709       -0.98535342678496063       -5.0896140675060959        1.5018296615564348     
  -668604.064501544864449452620358549332         529950.475370414535710275098084887091        -705648.048697499303777429290329692391         4.0068477858979987       0.91773104828576912       -4.6950955041346489     
   833180.159266562462587479367392973046        -1776716.08313348687133667099941058956         1512463.04885996914004780237450464852         2.8096919149810766       -1.3135977448871123       -4.6704276032964964     
  -1353247.37160420354116123870802379511        -885644.683060228115480607782583621936        -2125490.29455190327872643197837376759         3.4893089021612296        1.8807654469617137       -4.1797420222266943     
  -367987.961598569266713374364408117854         220541.973583460499978773682316912631        -462253.338027897039455092640797273541        -1.3592376160540565        3.1247977412966139        1.1064284886280258     
  -715549.444974742454274706265904271189         369974.967724317799307351375404095969        -390289.849371131443559578902968709701        -3.4570599931352093       -1.5083400654286729        2.9921617057295706     
   147165.689466639989947417574978061329         1179422.26244847779430599875039042965         517700.864536322423601527523140397576        -1.2306115223034491       -1.9537419342176947        4.2408401012610364     
  -190402.986240503434761273221509370057         13451.5753802960467867828793370188474        -251410.768235322690981400764187458912       -0.31022102923630324       0.27128851921411190       -1.0900019224191697     
   3177780.05005484409249960039457738578        -517944.103867863787839526608092199904         869751.999798107835054040637978722784       -0.32860178628828096        4.4453490133738898        1.4629165876172741     
  -593755.854293532682457925176988666778         205228.307049404624005209410442240868        -263621.305196759871954805639626684406        -2.6347632291663117      -0.77463795716256922        3.3310905073171444     
   1.43440458478067638087684668168897417E-0003 -0.568882544787226099389926270433193167        -4.66176527209578647549836120829557442E-0007   5.0301370132681397E-004 -0.19613345904413568       -3.2149990697546081E-007
  0.856513527920535523366022193081370517         56.8882690439159274531366605742732645        -4.66180724282809806063231227381966024E-0007  -5.0333103575112399E-002   19.613355949377045       -3.2150506787339740E-007
