          12
   10.600000000000001     
  -268585.802746248520589622463955459249         661696.118430865969318158767986659567         1298809.25489383313552346631281064767       -0.98535340396338666       -5.0896140730948360        1.5018294861989623     
  -668573.211772719656180748947771341712         529957.541896846349826643621933053297        -705684.200929093446624189344129618418         4.0068480128406154       0.91773036260009622       -4.6950945203494339     
   833201.793894244242995161333631415374        -1776726.19783593427653525306381121487         1512427.08656729192548517174687905395         2.8096918984682566       -1.3135976959972382       -4.6704276375383023     
  -1353220.50392551725212135877718377937        -885630.201166115167105577035411290178        -2125522.47856520073546382222362538526         3.4893089384330667        1.8807654914662686       -4.1797419511386060     
  -367998.427731859575377696374709479697         220566.034525992517008589387517147874        -462244.818524910758948641307658489220        -1.3592385632306971        3.1247977215411828        1.1064294298625337     
  -715576.064331314821623906990977204171         369963.353502235808929624019114612573        -390266.809725446680545856773525414939        -3.4570585970744374       -1.5083409948328494        2.9921618487856239     
   147156.213757532836094217463251965218         1179407.21863497079449046077148643983         517733.519004899325932927892091051077        -1.2306116224115906       -1.9537420935742862        4.2408400485832622     
  -190405.374945822014793091991879947511         13453.6643047821570386222895937544659        -251419.161251904027918313424827534412       -0.31022191065159055       0.27128926938437459       -1.0900023844061053     
   3177777.51982091815779829615563889508        -517909.874680442676562758748115555800         869763.264255806086018974965790029286       -0.32860183083764899        4.4453490180834923        1.4629165807595697     
  -593776.141969212357476095122121861920         205222.342340797692967355195237111319        -263595.655805274194342682033687097482        -2.6347629214165997      -0.77463700567292615        3.3310890993611944     
   5.30473813541070722147935043166988578E-0003  -2.07907454393297720868574729458089223        -6.22813351717998647996126897663862663E-0006   5.0223401260962542E-004 -0.19612681386827183       -1.1751042171733295E-006
  0.468911439408498455233423665711178785         207.907648988702324827082534852706885        -6.22842247432662477128327564603708972E-0006  -5.0339390258072103E-002   19.612718102975723       -1.1751889471931545E-006
