          12
   1.8000000000000000     
  -268577.131636178882642382235307332291         661740.907034681103378018860450282571         1298796.03879347278671255037918452765       -0.98535343004515430       -5.0896140667073126        1.5018296866074525     
  -668608.472034091516710915203414167202         529949.465866207539592016621116110642        -705642.884092367450147913242597397199         4.0068477534694047       0.91773114625313879       -4.6950956446907721     
   833177.068605454685997890398319043499        -1776714.63817596365419587197825856952         1512468.18633033007572973686338801968         2.8096919173399910       -1.3135977518713227       -4.6704275984047374     
  -1353251.20984399306851724382461110704        -885646.751902216276536519237450040289        -2125485.69683567324388978337923461480         3.4893088969794102        1.8807654406038385       -4.1797420323820953     
  -367986.466437266032453765567944437007         220538.536305943527626431165389320189        -462254.555099160569984963085471418887        -1.3592374807351750        3.1247977441071759        1.1064283541542681     
  -715545.642208640319092081999441390420         369976.626898316747340125756338125037        -390293.140748996514049706311189069640        -3.4570601925648012       -1.5083399326587461        2.9921616853083211     
   147167.043139306658039024042761155887         1179424.41156459291284958388890125045         517696.199612206897610738801085439305        -1.2306115080021658       -1.9537419114523800        4.2408401087862080     
  -190402.644997440529666340414127745373         13451.2769629838536202752403841964575        -251409.569233244332866530759418299816       -0.31022090331835300       0.27128841204615850       -1.0900018564134497     
   3177780.41151680550930992105208849882        -517948.993751778129055524597657011991         869750.390589860917240068106104366975       -0.32860177992410200        4.4453490127010440        1.4629165885969315     
  -593752.956053956414540031073512338395         205229.159151232261768016421066285192        -263624.969396428548204271798960363067        -2.6347632731393591      -0.77463809308783149        3.3310907084580328     
   8.81069073414461098440759317940162987E-0004 -0.353133233816212850717658477961435892        -1.79597625859298889503842295129540854E-0007   5.0302445636689038E-004 -0.19613886109630899       -1.9955247601302574E-007
  0.911875365626617807700152532057735755         35.3133289929431863074515973721645423        -1.79598282212705683202098578960491890E-0007  -5.0322142309648168E-002   19.613892344434003       -1.9955407869063650E-007
