          12
   5.9000000000000004     
  -268581.171585217156888541954057325608         661720.039617001500520147103667767422         1298802.19629499646464862315509147813       -0.98535341789348385       -5.0896140696840986        1.5018295932354142     
  -668592.043958054519872476972319752470         529953.228563158635103793651227599426        -705662.133983436727560693878524844492         4.0068478743291713       0.91773078111763040       -4.6950951208193086     
   833188.588342297755628140323302943699        -1776720.02392669296081994586705699026         1512449.03757713923891674948907226650         2.8096919085475980       -1.3135977258391924       -4.6704276166375678     
  -1353236.90367747585930773386031500390        -885639.040763861220967414580595988861        -2125502.83377792841393288681972606467         3.4893089162932998        1.8807654643012692       -4.1797419945300973     
  -367992.039311970994694592734242100105         220551.347976672875287199914184910188        -462250.018741881052299076580308634400        -1.3592379850954726        3.1247977336166501        1.1064288553597901     
  -715559.816153906000527894243345983253         369970.442703578360562130491473453738        -390280.872885930691280564411860254369        -3.4570594492265849       -1.5083404275311409        2.9921617614433669     
   147161.997632014574522256353805715880         1179416.40122258201051486435351201019         517713.587056595421597343578690164619        -1.2306115613067972       -1.9537419963048057        4.2408400807375566     
  -190403.916904106260424987229207260964         13452.3892462921023638722146792412455        -251414.038241359960956197574788451015       -0.31022137264701372       0.27128881148936651       -1.0900021024251292     
   3177779.06424945919235534976844681485        -517930.767820820913686425341904140378         869756.388547866679165710901977526204       -0.32860180364515357        4.4453490152088646        1.4629165849454626     
  -593763.758583040304339408334000083329         205225.983136089196825438421556420098        -263611.311926060763379955173002500142        -2.6347631092510047      -0.77463758645498404        3.3310899587565785     
   2.94305384762745418701732763588907460E-0003  -1.15727450884804501174754620684836937        -1.92954639799793566255330898253164593E-0006   5.0273533473303429E-004 -0.19612888991225169       -6.5407878020444327E-007
  0.705504160355981947352769015346929393         115.727511171920852378613986388700141        -1.92959189991894435441715950726622504E-0006  -5.0338094136363823E-002   19.612909427546484       -6.5410357695872712E-007
