          12
   4.2000000000000002     
  -268579.496484402455228596071773461414         661728.691960918914526027598821400514         1298799.64318465505647218070917059415       -0.98535342293199468       -5.0896140684499862        1.5018296319506705     
  -668598.855599398287407472085130954959         529951.668420702052565112775278644009        -705654.152321546708800108259618255558         4.0068478242200509       0.91773093251010684       -4.6950953380278211     
   833183.811866050125901971914466059872        -1776717.79081054985942869147846900893         1512456.97730408109685411958411638266         2.8096919121932498       -1.3135977366330267       -4.6704276090776444     
  -1353242.83550262675100632865088368103        -885642.238065142181262864398416656565        -2125495.72821652437222783317283258951         3.4893089082851558        1.8807654544755401       -4.1797420102248459     
  -367989.728607574085129397994387012714         220546.035820522024554527816819771136        -462251.899670758524731974002247580936        -1.3592377759738146        3.1247977379712877        1.1064286475477916     
  -715553.939152580330544049819208041211         369973.006882130750228429540982233456        -390285.959560898305254427812505113581        -3.4570597574432211       -1.5083402223392632        2.9921617298687155     
   147164.089671650009498680875541509740         1179419.72258394582341742616304891564         517706.377628448282210110656387236346        -1.2306115392049271       -1.9537419611221294        4.2408400923675806     
  -190403.389527938169581245642092426363         13451.9280554533494729814364770925646        -251412.185237872538993020157527258356       -0.31022117804794913       0.27128864586689883       -1.0900020004234841     
   3177779.62287251702888497236799969489        -517938.324914145884923405922517503068         869753.901589670984952596888839515499       -0.32860179380958870        4.4453490141690564        1.4629165864594926     
  -593759.279485696820878350522532329620         205227.300020164728294919123663397885        -263616.974779254871698676950808604142        -2.6347631772010018      -0.77463779652303300        3.3310902696065789     
   2.08825658699105744291408051638292420E-0003 -0.823854028470842993884387661651658163        -9.77803526002071704540930367185082786E-0007   5.0290597446938756E-004 -0.19613069596366697       -4.6561832236171114E-007
  0.791077827841799063884756573750145492         82.3854333976276068940425290065832087        -9.77818508008112040873405730701320946E-0007  -5.0336556078047233E-002   19.613084144249864       -4.6563020852568335E-007
