          12
   8.2000000000000011     
  -268583.437898070472543809925763946818         661708.333504639307303433291007621645         1298805.65050300066967378519178222270       -0.98535341107664498       -5.0896140713534059        1.5018295408559021     
  -668582.828207865606139489400017161763         529955.339343719667615633709539801899        -705672.932701876674665257592744538285         4.0068479421160523       0.91773057630417987       -4.6950948269635804     
   833195.050633681742846003506208774098        -1776723.04520144559697713623341863700         1512438.29559360921022131233615315437         2.8096919036151879       -1.3135977112357156       -4.6704276268656297     
  -1353228.87826695592510044647560629723        -885634.715003278040439745979750529893        -2125512.44718449141394100722068927210         3.4893089271277242        1.8807654775948264       -4.1797419732959868     
  -367995.165559662075971017985431821271         220558.535011453407996088503795206737        -462247.473955190404083632925019697902        -1.3592382680172344        3.1247977277140175        1.1064291365060941     
  -715567.767390159666083702977301683771         369966.973520275782661378940474605778        -390273.990913830231547442876083309204        -3.4570590322203265       -1.5083407051456752        2.9921618041765825     
   147159.167225389181086157750488752062         1179411.90761593576943256132527615430         517723.340988763022835333829640980226        -1.2306115912092124       -1.9537420439048141        4.2408400650026064     
  -190404.630413566120499192191317661138         13453.0132108162162989692307718536664        -251416.545246354234611782376973554414       -0.31022163592669377       0.27128903556608819       -1.0900022404201453     
   3177778.30846529550550541678467786330        -517920.543518084315513300637245919215         869759.753256009698065188629478861016       -0.32860181695210999        4.4453490166156229        1.4629165828970552     
  -593769.818538085867226907311744454916         205224.201469967193150276144053556481        -263603.650419639265456075257754164904        -2.6347630173270207      -0.77463730224353022        3.3310895381989236     
   4.09906654189636384625228943123786962E-0003  -1.60836931967851456829268763648599361        -3.72714639614555869109804300116234230E-0006   5.0249197849289791E-004 -0.19612759974620567       -9.0905093195782093E-007
  0.589725459061985539046960372311367848         160.837048420231690487591791338672920        -3.72727591373603905425755822689686032E-0006  -5.0338925718655191E-002   19.612788377660767       -9.0910061312165977E-007
