          12
   8.0000000000000000     
  -268583.240827388197936739708954201330         661709.351427453563476025564238369751         1298805.35013709204301754350507902566       -0.98535341166941492       -5.0896140712082660        1.5018295454106445     
  -668583.629577453439939901335686833711         529955.155797602625847105887318955198        -705671.993682908726745921278444839642         4.0068479362218987       0.91773059411351265       -4.6950948525155844     
   833194.488695300976914559023533968258        -1776722.78248190322284563232996257289         1512439.22967913449441267707273883758         2.8096919040440960       -1.3135977125055853       -4.6704276259762354     
  -1353229.57612874125643736107071912752        -885635.091156373443811186210450348023        -2125511.61123609657009447549969038958         3.4893089261856063        1.8807654764388682       -4.1797419751424334     
  -367994.893712010932676396107177119175         220557.910051907813809827550999287372        -462247.695241015260605478452288208425        -1.3592382434156864        3.1247977282277954        1.1064291120590963     
  -715567.075978349595839043989498051727         369967.275188414397749250808189458447        -390274.589346190695205384771915291241        -3.4570590684820726       -1.5083406810051900        2.9921618004599857     
   147159.413347707162909481957147050925         1179412.29836434413648474704428004154         517722.492820749885482928190350015980        -1.2306115886090074       -1.9537420397656868        4.2408400663708727     
  -190404.568369241224542007356879125280         13452.9589530110515708118042038643476        -251416.327245907350504300206417429557       -0.31022161303287277       0.27128901608118944       -1.0900022284209077     
   3177778.37418565878021502293417077642        -517921.432587887626410045267544290918         869759.460672693100840270275520005284       -0.32860181579498265        4.4453490164932976        1.4629165830751785     
  -593769.291585481602520381717580377796         205224.356397430113269286802712976213        -263604.316637550562248106619245291422        -2.6347630253200287      -0.77463732695764898        3.3310895747689671     
   3.99856600759703521922585819914353067E-0003  -1.56914379133893450374639955136046865        -3.54755334118111896078548731903190470E-0006   5.0251336015266822E-004 -0.19612768428890612       -8.8687961223471366E-007
  0.599793239221690642487419889428146291         156.914489974941499778049447400007921        -3.54767317383399135367897009068656517E-0006  -5.0338875443263410E-002   19.612796139172261       -8.8692679118363835E-007
