          12
   12.800000000000001     
  -268587.970523730067474082936623824832         661684.921279903405119319301785907354         1298812.55891864766077658942255990134       -0.98535339744286676       -5.0896140746907372        1.5018294360967153     
  -668564.396707020100838666453735292755         529959.560903428596947350496387807439        -705694.530136729060974813730888754960         4.0068480776628741       0.91773016671751362       -4.6950942393025423     
   833207.975216415683277004302631496586        -1776729.08775085010493757283894789003         1512416.81162647857968244583803940628         2.8096918937501729       -1.3135976820285737       -4.6704276473215085     
  -1353212.82744584129994590666334897119        -885626.063482019954356197024847308109        -2125531.67399747089832989522806272474         3.4893089487961646        1.8807655041816735       -4.1797419308276309     
  -368001.418056996348816781688406685189         220572.909080973672082219049217499663        -462242.384379869271594447220213863781        -1.3592388338347443        3.1247977158705820        1.1064296987603865     
  -715583.669859789605878218371470822516         369960.035151755073403742581916731077        -390260.226969334356576790193704695741        -3.4570581981827018       -1.5083412603816144        2.9921618896932674     
   147153.506411932068312915686814079654         1179402.92040231484776153013105393095         517742.848852989652718398141950650866        -1.2306116510136453       -1.9537421391045449        4.2408400335319616     
  -190406.057434302461130664585464700178         13454.2611414105686869220530749169380        -251421.559257294899859375006123674006       -0.31022216248119688       0.27128948371699496       -1.0900025163853044     
   3177776.79689687631370288120082057123        -517900.094912601412824266151613272750         869766.482672281601758980041361191083       -0.32860184356607702        4.4453490194289920        1.4629165788001925     
  -593781.938447542772829803138234794375         205220.638139684256324560288065050871        -263588.327409698090248093379495131212        -2.6347628335079172      -0.77463673381462650        3.3310886970977966     
   6.40939171842368056545300239457141345E-0003  -2.51055296841563958332513295523824581        -9.08162936479840480919275955780736640E-0006   5.0199641491323083E-004 -0.19612632523909226       -1.4189822573571783E-006
  0.358164425596039354317149175366274960         251.055580594888187923041655835731945        -9.08214759401034312261622278226978806E-0006  -5.0339702915292460E-002   19.612676860416379       -1.4191072528455279E-006
