          12
   7.8000000000000007     
  -268583.043756705804777459776350179151         661710.369350267790611400762212923635         1298805.04977118250541551079668689547       -0.98535341226218454       -5.0896140710631226        1.5018295499653864     
  -668584.430947040094895624739446127144         529954.972251482022203505398844081142        -705671.054663935668421319334919772315         4.0068479303276758       0.91773061192294692       -4.6950948780677164     
   833193.926756920125206617524504793010        -1776722.51976236059474250691542218652         1512440.16376465960071711439882680139         2.8096919044730035       -1.3135977137754551       -4.6704276250868419     
  -1353230.27399052639934422632428390184        -885635.467309468615987618858309549121        -2125510.77528770135696633848398917620         3.4893089252434866        1.8807654752829095       -4.1797419769888782     
  -367994.621864364709700343474829686839         220557.285092362116883361365937687982        -462247.916526835227716128616098911786        -1.3592382188140726        3.1247977287414761        1.1064290876120020     
  -715566.384566532273257653845588421885         369967.576856548184739117948183206871        -390275.187778550415551414646264660734        -3.4570591047437560       -1.5083406568647222        2.9921617967435159     
   147159.659470024624689492196427664784         1179412.68911275167570793296900610878         517721.644652736474484971887499717964        -1.2306115860088014       -1.9537420356265585        4.2408400677391365     
  -190404.506324920907350782656175525187         13452.9046952097838235277911383969136        -251416.109245462866252479452733314951       -0.31022159013903960       0.27128899659628430       -1.0900022164216077     
   3177778.43990602182349859796718638524        -517922.321657690912833921721425411970         869759.168089376467993346576101920631       -0.32860181463785548        4.4453490163709724        1.4629165832533011     
  -593768.764632875739209551636532680192         205224.511324897976209144526138494756        -263604.982855469173046427485695986088        -2.6347630333131096      -0.77463735167175263        3.3310896113390456     
   3.89806119967228569851832795101209683E-0003  -1.52991824569746329371203175107041261        -3.37239455343241476436739453273830256E-0006   5.0253471424464553E-004 -0.19612777281491522       -8.6470825980047848E-007
  0.609861009055447817617115827126816896         152.991929938013897866122547952727473        -3.37250519514839608654246470950295640E-0006  -5.0338822408929763E-002   19.612804299014694       -8.6475300095842640E-007
