          12
   6.8000000000000007     
  -268582.058403292060670131045224673368         661715.458964338490858473427191910358         1298803.54794162115317654325463703210       -0.98535341522602915       -5.0896140703373565        1.5018295727390898     
  -668588.437794955686646144409901459888         529954.054520825575121600373856844968        -705666.359568993719685929587592809709         4.0068479008555435       0.91773070097163945       -4.6950950058302823     
   833191.117065014579938130947489582951        -1776721.20616464364461597532779402178         1512444.83419228246407005992468786104         2.8096919066175317       -1.3135977201247959       -4.6704276206398623     
  -1353233.76329944928752673334038103544        -885637.348074941008996821081578065839        -2125506.59554571975197506407129210969         3.4893089205328738        1.8807654695031060       -4.1797419862211029     
  -367993.262626207400016784503926636772         220554.160294632091724990373693415780        -462249.022955861721459476397083632216        -1.3592380958050210        3.1247977313084396        1.1064289653750821     
  -715562.927507336875637743184297434621         369969.085197144698385360275239008850        -390278.179940337868577659511393207469        -3.4570592860512201       -1.5083405361626421        2.9921617781630645     
   147160.890081604132970906249067155604         1179414.64285477695444235067268046189         517717.403812665314696633758750898820        -1.2306115730077574       -1.9537420149309070        4.2408400745804311     
  -190404.196103388002960399399965396594         13452.6334062618998367630214346712943        -251415.019243276443234916120161859248       -0.31022147566969005       0.27128889917166260       -1.0900021564241664     
   3177778.76850783356853672697618640161        -517926.767006706977991620728385413467         869757.705172792769385710021645685642       -0.32860180885222134        4.4453490157593407        1.4629165841439138     
  -593766.129869822443004025548374258421         205225.285962311433139246288903656522        -263608.313945171937483482423880687402        -2.6347630732796046      -0.77463747524204463        3.3310897941899769     
   3.39547328608207196667251315247426646E-0003  -1.33379022651949936473583790963459705        -2.56311485190297726548765442614399766E-0006   5.0264094022471476E-004 -0.19612828749410890       -7.5385100696177906E-007
  0.660199680278392133167411973126981195         133.379102734590124473834649165837618        -2.56318649789716388249753013804967167E-0006  -5.0338502756841555E-002   19.612852303142791       -7.5388452579235620E-007
