          12
   14.300000000000001     
  -268589.448553822897405765544182054679         661677.286858790553072710103332809720         1298814.81166277618536355896450285038       -0.98535339299703972       -5.0896140757786279        1.5018294019360636     
  -668558.386434870461834808429979481964         529960.937498578510550852941479726965        -705701.572777944303348333964231997540         4.0068481218551604       0.91773003316824142       -4.6950940476884799     
   833212.189754253895857604796937323528        -1776731.05814736600470953927916051276         1512409.80598500259467103316313174588         2.8096918905332631       -1.3135976725044514       -4.6704276539918341     
  -1353207.59348241280643542312212002084        -885623.242333757179680328122384214164        -2125537.94361035675346527097362425705         3.4893089558618393        1.8807655128512211       -4.1797419169792152     
  -368003.456915385475051852819938780213         220577.596277544573886967614884113676        -462240.724735183630776581718418993839        -1.3592390183329541        3.1247977119975894        1.1064298820931318     
  -715588.855446882898357184615845127977         369957.772639728708221515365295317687        -390255.738726478892296422665841859600        -3.4570579262066774       -1.5083414414387903        2.9921619175936272     
   147151.660494440921838672673427339523         1179399.98978908290845791005385656556         517749.210113032253888626291193908442        -1.2306116705149777       -1.9537421701478528        4.2408400232695822     
  -190406.522767674958878176516563485177         13454.6680757457457996956102924679395        -251423.194261136964357766645783431862       -0.31022233418235168       0.27128962985242872       -1.0900026063667725     
   3177776.30399410445572585500774442910        -517893.426889071581312290966092604076         869768.677047148800088367460170424251       -0.32860185224456023        4.4453490203463533        1.4629165774642454     
  -593785.890591748084676817044380570138         205219.476184722553512562739919111708        -263583.330776858144817977699370104001        -2.6347627735752277      -0.77463654845564756        3.3310884228297786     
   7.16226466560785262119564337224275619E-0003  -2.80474225528934311768916587404021357        -1.13348116403079806813091658218053672E-0005   5.0183415802675818E-004 -0.19612606496918081       -1.5852604699931944E-006
  0.282654729075253384999602893068448850         280.474579683796855361643807214022672        -1.13355408445201778059886961082036038E-0005  -5.0339890094922742E-002   19.612656029129365       -1.5854173764871086E-006
