          12
   9.0999999999999996     
  -268584.324716139241162923743250212635         661703.752851974795349469047334167752         1298807.00214957821662872670953614581       -0.98535340840917740       -5.0896140720064968        1.5018295203595566     
  -668579.222044705766308888505444762934         529956.165301202277887959216778890337        -705677.158287169199585135747065933699         4.0068479686389109       0.91773049616343716       -4.6950947119811310     
   833197.579356394127971085574735354868        -1776724.22743938313763042488174770375         1512434.09220874323014271271292674470         2.8096919016850972       -1.3135977055212942       -4.6704276308678923     
  -1353225.73788891960236789974991733484        -885633.022314345864286674417098499414        -2125516.20895226364126800745468770513         3.4893089313672441        1.8807654827966285       -4.1797419649869747     
  -367996.388874153109349294204499791759         220561.347329407309818409032020625194        -462246.478168918043821326744752253669        -1.3592383787233893        3.1247977254008283        1.1064292465163887     
  -715570.878743215234080386782933302951         369965.616013592267002871274428343903        -390271.297968198946005457597996368678        -3.4570588690416861       -1.5083408137780736        2.9921618209028358     
   147158.059674951827386714284795488074         1179410.14924808787337257352523245411         517727.157744818754427490384295573718        -1.2306116029101206       -1.9537420625308783        4.2408400588453841     
  -190404.909613084814461049615319510065         13453.2573709876826720713201140933175        -251417.526248394910942987459379072128       -0.31022173894873667       0.27128912324805354       -1.0900022944159382     
   3177778.01272365790542336857517347046        -517916.542703969113752965831576346982         869761.069880933944713170480889097248       -0.32860182215918493        4.4453490171660812        1.4629165820955004     
  -593772.189824785275994924561571153305         205223.504296445220125916245046404628        -263600.652439128940621983862024890750        -2.6347629813593847      -0.77463719102980844        3.3310893736341720     
   4.55126593177204203402542656564655488E-0003  -1.78488400246617667311080368541809094        -4.59018902486694080707775659394240162E-0006   5.0239548822289298E-004 -0.19612726155634880       -1.0088214659120502E-006
  0.544420333406975418341503317187779487         178.488543664570442320860266249837878        -4.59036858335236033226210238075322474E-0006  -5.0339124651052544E-002   19.612757676089469       -1.0088832040836630E-006
