          12
   7.7000000000000002     
  -268582.945221364563739244100265546319         661710.878311674893297736985697810067         1298804.89958822739500754338271004692       -0.98535341255856934       -5.0896140709905495        1.5018295522427572     
  -668584.831631832980308601743213436869         529954.880478420384670767465801199947        -705670.585154447222841771246715225586         4.0068479273805382       0.91773062082770207       -4.6950948908438299     
   833193.645787729667182130524061278749        -1776722.38840258918544958774005104720         1512440.63080742208716888234365516297         2.8096919046874564       -1.3135977144103896       -4.6704276246421443     
  -1353230.62292141890014178890744300784        -885635.655386016115380600857431847596        -2125510.35731350361191521481929456171         3.4893089247724265        1.8807654747049298       -4.1797419779121006     
  -367994.485940543443333775557868570159         220556.972612589229893668473225787342        -462248.027169743377737941179422831462        -1.3592382065132413        3.1247977289982809        1.1064290753884185     
  -715566.038860620892339213544586229458         369967.727690613267700744906107956930        -390275.486994729996994945645516494880        -3.4570591228745737       -1.5083406447944947        2.9921617948853281     
   147159.782531183160565117671314538929         1179412.88448695513488659656897716852         517721.220568729666362445188121377256        -1.2306115847086980       -1.9537420335569942        4.2408400684232683     
  -190404.475302762465792685947496565302         13452.8775663106113176868601361002571        -251416.000245241524074685104672699503       -0.31022157869211847       0.27128898685382935       -1.0900022104219340     
   3177778.47276620325835613902788756566        -517922.766192592546875445520537795101         869759.021797718138209377581326897611       -0.32860181405929190        4.4453490163098106        1.4629165833423625     
  -593768.501156572208068952879456148281         205224.588788633761237165123447745417        -263605.315964431221205357221970544397        -2.6347630373096771      -0.77463736402879879        3.3310896296240986     
   3.84780719489604769597244915413369881E-0003  -1.51030546613240734344155158375144765        -3.28647801180840803701332523653275051E-0006   5.0254537996223406E-004 -0.19612781866864384       -8.5362257131668232E-007
  0.614894889920393811910551487565079753         151.030649297074946263430561543827935        -3.28658423927953684613578986801300847E-0006  -5.0338794758111968E-002   19.612808538008345       -8.5366611774051473E-007
