          12
   14.600000000000001     
  -268589.744159840663143334813650620060         661675.759974567786847002934802475264         1298815.26221159574136376634034828478       -0.98535339210787265       -5.0896140759961837        1.5018293951039305     
  -668557.184380432579580063545132695374         529961.212817584454642704842181055725        -705702.981306152861595175395104106953         4.0068481306931600       0.91773000645907121       -4.6950940093665245     
   833213.032661820959330800175912656897        -1776731.45222666747032177544524111914         1512408.40485670619700841280919068054         2.8096918898898777       -1.3135976705996237       -4.6704276553258950     
  -1353206.54668972583591190046170549262        -885622.678104103064226850874629537482        -2125539.19753293143177968761436957833         3.4893089572749671        1.8807655145851261       -4.1797419142095285     
  -368003.864687096509822659090027663351         220578.533716858056884161697341895082        -462240.392806213502946276081989607244        -1.3592390552321536        3.1247977112223415        1.1064299187590287     
  -715589.892564252601021733440900263216         369957.320137290844851576911977986136        -390254.841077902777074226173814608375        -3.4570578718110458       -1.5083414776503421        2.9921619231745540     
   147151.291310939182305490733337904875         1179399.40366643093280205388251324914         517750.482365038926892991591466319774        -1.2306116744152373       -1.9537421763565095        4.2408400212170934     
  -190406.615834380364606828150986217463         13454.7494626390855853970058980673126        -251423.521261921573774355956054638022       -0.31022236852249990       0.27128965907947228       -1.0900026243626428     
   3177776.20541354852200292937548786729        -517892.093284365449882783944968167570         869769.115922121999284473071178957993       -0.32860185398025776        4.4453490205298225        1.4629165771970556     
  -593786.681020578359335861485801544319         205219.243793763577601577133280308361        -263582.331450339523888450706801123142        -2.6347627615891809      -0.77463651138374967        3.3310883679764163     
   7.31281004318274490143183402812709915E-0003  -2.86358006770631660442907873154183562        -1.18153780964054820911101595313532899E-0005   5.0180169179985272E-004 -0.19612601806403188       -1.6185158917236738E-006
  0.267552756646109847488016267313959418         286.358375941028783145947400612385536        -1.18161553912865530601259393697757138E-0005  -5.0339926031289374E-002   19.612652377755794       -1.6186796137552806E-006
