          12
   3.8000000000000003     
  -268579.102343033045324938088566080193         661730.727806546236437682615427746694         1298799.04245280045431043401682469359       -0.98535342411752380       -5.0896140681595723        1.5018296410601384     
  -668600.458338525617217303841921527358         529951.301328321923971175814310763386        -705652.274283401275844722398966624111         4.0068478124289557       0.91773096813293098       -4.6950953891370428     
   833182.687989285077043055207646204991        -1776717.26537145469827399587720018195         1512458.84547512437214927076001291794         2.8096919130510458       -1.3135977391727471       -4.6704276072988327     
  -1353244.23122618968821250335643480152        -885642.990371323509090092465367849452        -2125494.05631971954371445000520068900         3.4893089064008755        1.8807654521635968       -4.1797420139177230     
  -367989.184912473536751873442463001138         220544.785901426631304892743701273606        -462252.342242207764270341017603938050        -1.3592377267680302        3.1247977389948982        1.1064285986498366     
  -715552.556328662849067899526245284418         369973.610218210029879368185845578417        -390287.156425588767123479664311602721        -3.4570598299641180       -1.5083401740590037        2.9921617224407160     
   147164.581916264651379434755806840930         1179420.50408072861661229800422923129         517704.681292410787886953885128527005        -1.2306115340044768       -1.9537419528438451        4.2408400951040361     
  -190403.265439476108028725548360071696         13451.8195400027967245239120114286275        -251411.749237077169800277789690756685       -0.31022113225980541       0.27128860689683937       -1.0900019764224387     
   3177779.75431323408987056252684999511        -517940.103053751503612850910496234728         869753.316423036329907559838781061457       -0.32860179149533958        4.4453490139243907        1.4629165868157334     
  -593758.225580422742687782368120608141         205227.609875293223033523873355399291        -263618.307215377342635467080578237637        -2.6347631931900004      -0.77463784595065055        3.3310903427481304     
   1.88708675158493742473903714840233192E-0003 -0.745401623913730981222519611506527326        -8.00424988817731059666507383394447797E-0007   5.0294285247285352E-004 -0.19613134810625904       -4.2127434175234227E-007
  0.811212319440862677724516163757506604         74.5401873998659620090823096916210488        -8.00435696963809070915264317066032349E-0007  -5.0335866906993307E-002   19.613147972994994       -4.2128386794000415E-007
