          12
  0.50000000000000000     
  -268575.850676717319525377201255844636         661747.523532967209206482415151384683         1298794.08641486095329645043816579894       -0.98535343389810082       -5.0896140657631701        1.5018297162131848     
  -668613.680936146114469206202524098565         529948.272815642151652093020525180478        -705636.780467921376844790725124667530         4.0068477151420527       0.91773126203671407       -4.6950958108075120     
   833173.416005960331945156629451787495        -1776712.93049888085634290876418939211         1512474.25788620424411439572554005650         2.8096919201277792       -1.3135977601253710       -4.6704275926235432     
  -1353255.74594555516114962152307565898        -885649.196897284177509476290890422258        -2125480.26317102334597952407735377277         3.4893088908554009        1.8807654330899610       -4.1797420443839188     
  -367984.699428645027592846799557868563         220534.474068874031273938306485504757        -462255.993455917668232164783742588222        -1.3592373208103032        3.1247977474249962        1.1064281952269703     
  -715541.148030236787978829199330377290         369978.587740127212627091992658279204        -390297.030559171730267730774377454838        -3.4570604282518489       -1.5083397757495101        2.9921616611790602     
   147168.642934256074847369675229202803         1179426.95142906031302765577639668502         517690.686520059694880185810483830251        -1.2306114911006094       -1.9537418845478889        4.2408401176795181     
  -190402.241710362943941440527773067981         13450.9242881305182200815580145780710        -251408.152230881701077671999400298113       -0.31022075450575298       0.27128828539287364       -1.0900017784042453     
   3177780.83869911452179882990244641480        -517954.772705494123537678869961808896         869748.488798294988676130735094638125       -0.32860177240280491        4.4453490119058490        1.4629165897547041     
  -593749.530861667552566842233074950770         205230.166180857690949301833094331459        -263629.299814504057162902569411144777        -2.6347633251103426      -0.77463825372618711        3.3310909461713853     
   2.27678398056745833659755828826121160E-0004  -9.81385064876748197150446717529348462E-0002  -1.38578857985656061240658181041530218E-0008   5.0090125859288614E-004 -0.19617544084590041       -5.5431509119807340E-008
  0.977230792364858928163032572578039492         9.81385108173975098666552696613507578        -1.38578488273553565805127190578576821E-0008  -5.0095597174902105E-002   19.617545816479193       -5.5431428619629905E-008
