          12
   16.300000000000001     
  -268591.419260602963698214482729520466         661667.107630637545526689577979340155         1298817.81532153450992641972872032604       -0.98535338706924858       -5.0896140772288652        1.5018293563884924     
  -668550.372738567833273722828546503599         529962.772958466788518291416126837490        -705710.962965784203887180435765813469         4.0068481807722707       0.91772985511141569       -4.6950937922141760     
   833217.809138030673136620731789037137        -1776733.68534269831474941622323493453         1512400.46512968571727841086416166405         2.8096918862440079       -1.3135976598055803       -4.6704276628855483     
  -1353200.61486449166193267829860769066        -885619.480802719917889883707584619567        -2125546.30309417224731532726211824523         3.4893089652826457        1.8807655244105579       -4.1797418985146297     
  -368006.175393668133928995983006338120         220583.845872963398261605060257650724        -462238.511875175007693826332716424710        -1.3592392643248299        3.1247977068251824        1.1064301265283412     
  -715595.769562372672533077960776992680         369954.755956604419848862654873755681        -390249.754402606495593430272483814735        -3.4570575635664444       -1.5083416828498699        2.9921619548051863     
   147149.199271073890178822172192241159         1179396.08230470122172628742451827586         517757.691793065109746768617804413266        -1.2306116965166658       -1.9537422115388667        4.2408400095862442     
  -190407.143212572257586750434921185627         13455.2106552002974488552096282711896        -251425.374266469668752521507137931416       -0.31022256311615271       0.27128982469911367       -1.0900027263365777     
   3177775.64679038839528468876095834691        -517884.536191029665484492567895102848         869771.602880301947308068145070514233       -0.32860186381588319        4.4453490215694682        1.4629165756829725     
  -593791.160117215330031683152567367785         205217.926911872788592788877104489119        -263576.668600378173418754365053828787        -2.6347626936713402      -0.77463630130902039        3.3310880571422161     
   8.16571650036538627817975233291747372E-0003  -3.19699408844967636550774003900698972        -1.47270345468086271850448280392420199E-0005   5.0161765410012464E-004 -0.19612577772603712       -1.8069618913323365E-006
  0.181974713343829086828343580273248392         319.699868991863477646342417415326054        -1.47281246583708673646103402455963959E-0005  -5.0340123337390609E-002   19.612634232426952       -1.8071669612625732E-006
