          12
   10.200000000000001     
  -268585.408604886698125405106868379686         661698.154276495149213469602056392230         1298808.65416203683403914424798752955       -0.98535340514893222       -5.0896140728046300        1.5018294953084563     
  -668574.814511922435087772852990717304         529957.174804694186534703196495010858        -705682.322891275086648447999460032021         4.0068480010538678       0.91773039821642943       -4.6950945714505217     
   833200.670017484684126040730411943997        -1776725.67239685536968937304008742109         1512428.95473834658505318066235023622         2.8096918993260838       -1.3135976985369888       -4.6704276357595287     
  -1353221.89964909224850674424878160803        -885630.953472311291233739585504469739        -2125520.80666841954143952709843645719         3.4893089365488530        1.8807654891543686       -4.1797419548315062     
  -367997.884036444123407220102017767258         220564.784606903694567795791714459586        -462245.261096672925620519487982518237        -1.3592385140291090        3.1247977225709507        1.1064293809707595     
  -715574.681507861486849940452215079771         369963.956838624085793851250514308057        -390268.006590184707558288182971395474        -3.4570586695993848       -1.5083409465514808        2.9921618413495170     
   147156.706002180760653751010469392203         1179408.00013180656855807713623285347         517731.822668879345310927111989407463        -1.2306116172112040       -1.9537420852960481        4.2408400513198394     
  -190405.250857066911627200994638897680         13453.5557890821972179338979064278088        -251418.725250955064874086444526302124       -0.31022186486423015       0.27128923041472414       -1.0900023604090723     
   3177777.65126165003000641253762259528        -517911.652820049861033097566842542374         869762.679089173710940819873038698474       -0.32860182852339115        4.4453490178388506        1.4629165811158187     
  -593775.088064040593976413252574886343         205222.652195609847857171739726744862        -263596.988240928566669764961938327015        -2.6347629374009420      -0.77463705510151137        3.3310891725004583     
   5.10383590563549026586842236041796639E-0003  -2.00062379702955099808683869788694665        -5.76696020336774323368226083809395719E-0006   5.0227713055865739E-004 -0.19612692185744898       -1.1307623300806028E-006
  0.489047182618552723701180542925648354         200.062559889004056762340510999820253        -5.76721657409938959948344539007160421E-0006  -5.0339325219977304E-002   19.612727516374644       -1.1308405750237251E-006
