          12
   8.0999999999999996     
  -268583.339362729350058650510529867358         661708.842466046439022767742255126703         1298805.50032004647021288555597262623       -0.98535341137303001       -5.0896140712808364        1.5018295431332733     
  -668583.228892659670397099424543618745         529955.247570661591963880380357077016        -705672.463192393339501522252499299227         4.0068479391689840       0.91773058520883355       -4.6950948397395669     
   833194.769664491370600511523925035846        -1776722.91384167444165694879215644511         1512438.76263637187455601088859058478         2.8096919038296422       -1.3135977118706506       -4.6704276264209321     
  -1353229.22719784861432494977584450876        -885634.903079825771026097982752123296        -2125512.02921029403817520809782948275         3.4893089266566655        1.8807654770168474       -4.1797419742192110     
  -367995.029635835889283799154392262663         220558.222531680623744657953055892097        -462247.584598103443520484999024189344        -1.3592382557164686        3.1247977279709187        1.1064291242826072     
  -715567.421684255537501993832405489141         369967.124354345693718790180071209769        -390274.290130010556294004112620754642        -3.4570590503512073       -1.5083406930754306        2.9921618023182686     
   147159.290286548237004042480879917311         1179412.10299014005643855938498809630         517722.916904756488362021529803236304        -1.2306115899091101       -1.9537420418352505        4.2408400656867400     
  -190404.599391403100174798812549425986         13452.9860819131468121785584340921456        -251416.436246130492576133921567294032       -0.31022162447978480       0.27128902582363962       -1.0900022344205342     
   3177778.34132547717178869752831238391        -517920.988052985974023751321038133692         869759.606964351403904501736641385846       -0.32860181637354630        4.4453490165544602        1.4629165829861168     
  -593769.555061783934696497223582056819         205224.278933698035357505187747939589        -263603.983528593999603941530063266891        -2.6347630213235154      -0.77463731460059149        3.3310895564839407     
   4.04881680928966270616295095030601203E-0003  -1.58875655762214390781875139602163927        -3.63679558567026035525901559223454960E-0006   5.0250267258343518E-004 -0.19612764153808127       -8.9796527618515712E-007
  0.594759350398575994614417186689969697         158.875769391609568487178094642331416        -3.63692019823655988137327964173466150E-0006  -5.0338900907294835E-002   19.612792210469042       -8.9801369818902604E-007
