          12
   10.300000000000001     
  -268585.507140227198198970035708521561         661697.645315087865124684760598228221         1298808.80434498625101557987837619387       -0.98535340485254597       -5.0896140728771826        1.5018294930310829     
  -668574.413827122182366643420858842667         529957.266577733562971030448901510468        -705682.792400731592932676449203555037         4.0068480040005801       0.91773038931230810       -4.6950945586752022     
   833200.950986674606010617485374325526        -1776725.80375662519164092275764099673         1512428.48769558298686726353354803365         2.8096918991116269       -1.3135976979020514       -4.6704276362042227     
  -1353221.55071819857006997329385011849        -885630.765395762346898785957460820152        -2125521.22464261497842746574393757440         3.4893089370199069        1.8807654897323438       -4.1797419539082821     
  -367998.019960296141338860170244551282         220565.097086675938791703642793962093        -462245.150453734217395780512899206039        -1.3592385263295308        3.1247977223135446        1.1064293931937392     
  -715575.027213727540226660711608630575         369963.806004528827129565451414805474        -390267.707374000479658925980563921586        -3.4570586514681714       -1.5083409586218164        2.9921618432084962     
   147156.582941018974528930749468003104         1179407.80475759793547596896989837498         517732.246752884443086201096684284535        -1.2306116185113012       -1.9537420873656079        4.2408400506356951     
  -190405.281879253970392367018016344116         13453.5829180057258110121605337861079        -251418.834251191405745140397265391379       -0.31022187631107484       0.27128924015713912       -1.0900023664083540     
   3177777.61840146714873919888723341462        -517911.208285148074091603305202369238         869762.825380831818069061678877495992       -0.32860182910195557        4.4453490179000115        1.4629165810267564     
  -593775.351540334134263867217340404665         205222.574731904955563299722265391255        -263596.655132012230866624765690531258        -2.6347629334048293      -0.77463704274437073        3.3310891542156291     
   5.15406307989891217415231658427465788E-0003  -2.02023648782716865957356788818799487        -5.88059071064593982838180534478839021E-0006   5.0226635432902155E-004 -0.19612689417377285       -1.1418478141203816E-006
  0.484013249265341847371460839988266400         202.023832519147780978352457736946235        -5.88085498559507170214808215699987865E-0006  -5.0339341806074196E-002   19.612725094386700       -1.1419276562077079E-006
