          12
   17.000000000000000     
  -268592.109007973186015197284565170218         661663.544900783307695405575099556498         1298818.86660207840228936503057521897       -0.98535338499451564       -5.0896140777363721        1.5018293404468326     
  -668547.567944834075854084686763023576         529963.415369343555313244079757462046        -705714.249531407459164693328768080916         4.0068482013916542       0.91772979279392175       -4.6950937028011719     
   833219.775922350518502512231044931951        -1776734.60486105862303945542995942111         1512397.19583032060792220733491664219         2.8096918847427563       -1.3135976553609645       -4.6704276659983339     
  -1353198.17234821481004246707946503388        -885618.164266851414486788709734543824        -2125549.22891349894563950152504006040         3.4893089685799028        1.8807655284563105       -4.1797418920520171     
  -368007.126861183294818339289400377366         220586.033231357541540477483765769751        -462237.737374056495272135634405641392        -1.3592393504204372        3.1247977050125675        1.1064302120783827     
  -715598.189502622745135961029872007115         369953.700117396851953102645538251644        -390247.659889233572592769986320249119        -3.4570574366408695       -1.5083417673441561        2.9921619678322231     
   147148.337842883143314213942876023102         1179394.71468514807412720000745487434         517760.660381070143891984938755435038        -1.2306117056172339       -1.9537422260257047        4.2408400047970325     
  -190407.360368394483191471189265087116         13455.4005581014554988473959223904681        -251426.137268392800183663818025525665       -0.31022264324269361       0.27128989289530236       -1.0900027683245284     
   3177775.41676908230667860618713638207        -517881.424446714417031140615943485254         869772.626921904707180811456290747641       -0.32860186786584944        4.4453490219975507        1.4629165750595239     
  -593793.004451091112291396080236083350         205217.384666492147854730002110024133        -263574.336838782970326135842720205455        -2.6347626657066985      -0.77463621480734468        3.3310879291524138     
   8.51682232775615856803543002317979926E-0003  -3.33428210160868208769904819099849647        -1.60190660477550007101179562729078844E-0005   5.0154185097652242E-004 -0.19612568934471913       -1.8845566160164448E-006
  0.146736599326621462545264598653638188         333.428710678273336670551785232419206        -1.60203060927048449462775447593856226E-0005  -5.0340202246230960E-002   19.612627818961069       -1.8847800580497848E-006
