          12
   14.900000000000000     
  -268590.039765858162128964101850181475         661674.233090344955364939891762077221         1298815.71276041324772124040121124019       -0.98535339121870502       -5.0896140762137323        1.5018293882717966     
  -668555.982325992045955916853183786891         529961.488136582386016081906016106373        -705704.389834349923289917626556544362         4.0068481395310043       0.91772997975012915       -4.6950939710448543     
   833213.875569387829783229517666143266        -1776731.84630596836448323602303256399         1512407.00372840939913570516284213596         2.8096918892464915       -1.3135976686947954       -4.6704276566599550     
  -1353205.49989703844145659923092761542        -885622.113874448428605437124983001974        -2125540.45145550527918093265400401036         3.4893089586880923        1.8807655163190293       -4.1797419114398426     
  -368004.272458818614328732681806322089         220579.471156171307268981972571353357        -462240.060877232375381416682874613523        -1.3592390921312056        3.1247977104468774        1.1064299554247088     
  -715590.929681605984969126915684611871         369956.867634842118012875014088081124        -390253.943429324987536676653254730228        -3.4570578174152713       -1.5083415138619332        2.9921619287557655     
   147150.922127436272696938865944815679         1179398.81754377709455297916218974317         517751.754617044984142853950026541539        -1.2306116783154946       -1.9537421825651644        4.2408400191646018     
  -190406.708901096072375263534848244274         13454.8308495411934815270878079696000        -251423.848262711581928957463027973767       -0.31022240286262059       0.27128968830650146       -1.0900026423583722     
   3177776.10683299206757127760604453290        -517890.759679659263420298749291958966         869769.554797095118320921992016714298       -0.32860185571595568        4.4453490207132917        1.4629165769298647     
  -593787.471449405038200743501830558586         205219.011402815723266432348936838524        -263581.332123837358961428819492667226        -2.6347627496032975      -0.77463647431181792        3.3310883131231344     
   7.46334568030446946217430423398120354E-0003  -2.92241786627517719865734791007128024        -1.23059211679823068629855160695079898E-0005   5.0176922173848738E-004 -0.19612597263328130       -1.6517712398553785E-006
  0.252450773495295851400624723148702344         292.242171125191845165725013089286222        -1.23067486198519943618724979350755743E-0005  -5.0339961579343888E-002   19.612648873822227       -1.6519419218099405E-006
