          12
   9.2000000000000011     
  -268584.423251480067262777971098808290         661703.243890567591064514416654418508         1298807.15233253013871791846367553810       -0.98535340811279182       -5.0896140720790592        1.5018295180821843     
  -668578.821359908755067010754369327635         529956.257074251449012763418716653874        -705677.627796639758921253037238230333         4.0068479715858096       0.91773048725903694       -4.6950946992054625     
   833197.860325584285762012339837667724        -1776724.35879915365801492496272695467         1512433.62516598012111217844977151259         2.8096919014706416       -1.3135977048863581       -4.6704276313125863     
  -1353225.38895802644208570359729559836        -885632.834237797555722323619431524146        -2125516.62692646009381019790440703330         3.4893089318383006        1.8807654833746057       -4.1797419640637505     
  -367996.524797991596720401168973957338         220561.659809179837048824001088931358        -462246.367525992781018419229138727312        -1.3592383910239914        3.1247977251436869        1.1064292587396340     
  -715571.224449101231702084796593155173         369965.465179510285679007033365905962        -390270.998752016762786353835101849074        -3.4570588509106472       -1.5083408258483617        2.9921618227614668     
   147157.936613791471367899863498251979         1179409.95387388151680385982023047129         517727.581828824604764999120498636372        -1.2306116042102204       -1.9537420646004402        4.2408400581612460     
  -190404.940635259281679101639461748630         13453.2844999004945994488997712545948        -251417.635248624652511187229919631385       -0.31022175039561500       0.27128913299048613       -1.0900023004153923     
   3177777.97986347566057621046899106507        -517916.098169067394080495254637952466         869761.216172592149812182671930749179       -0.32860182273774896        4.4453490172272421        1.4629165820064383     
  -593772.453301083212121349131917824622         205223.426832726734998893505790285007        -263600.319330192491446542654154328029        -2.6347629773630716      -0.77463717867270931        3.3310893553492442     
   4.60150494344763547348341539700022906E-0003  -1.80449672692300028134862466266952197        -4.69162545022604435815874278132089812E-0006   5.0238474465464126E-004 -0.19612722769098195       -1.0199070399070325E-006
  0.539386419945784862875351808875201698         180.449819279617235029400390544651600        -4.69181125340237672572219400150793418E-0006  -5.0339144509235011E-002   19.612754635932252       -1.0199701982361707E-006
