          12
   16.800000000000001     
  -268591.911937296127834640033921198562         661664.562823598840466380408553703799         1298818.56623620985744785170934445525       -0.98535338558729679       -5.0896140775913734        1.5018293450015932     
  -668548.369314473765066572041315673353         529963.231823383216044081648471442137        -705713.310512664344294313277794472539         4.0068481955004875       0.91772981059879322       -4.6950937283475858     
   833219.213983973527060233412733225606        -1776734.34214152742385841651368005847         1512398.12991585371864910284644967220         2.8096918851716861       -1.3135976566308554       -4.6704276651089680     
  -1353198.87021000843181327661646218271        -885618.540419956990154761824751705769        -2125548.39296512035059294200012303121         3.4893089676378306        1.8807655273003820       -4.1797418938984787     
  -368006.855013315670597088229976101557         220585.408271816487226527946363674449        -462237.958660096466674708946403837851        -1.3592393258217741        3.1247977055305780        1.1064301876356346     
  -715597.498091131790510453808407120872         369954.001785747906658371988442013397        -390248.258321626766816247536828754493        -3.4570574729053991       -1.5083417432029100        2.9921619641100543     
   147148.583965224006743994953350096457         1179395.10543359286535711525911729334         517759.812213069047653574075718019272        -1.2306117030170727       -1.9537422218866090        4.2408400061653815     
  -190407.298323868123980980826548403695         13455.3463001248249001913421946108325        -251425.919267840334925623171635766788       -0.31022262034941150       0.27128987341068506       -1.0900027563280494     
   3177775.48248945576413492760704804216        -517882.313516518804307315277934975465         869772.334338589677464238448245659142       -0.32860186670871605        4.4453490218752414        1.4629165752376525     
  -593792.477498557171974071334785705318         205217.539593737580801705036592785790        -263575.003056372457652980308973056362        -2.6347626736965051      -0.77463623952212812        3.3310879657208843     
   8.41651179163849266122790493405148027E-0003  -3.29505696127633386375080370989110179        -1.56443717120515733009962361623434714E-0005   5.0156351006828959E-004 -0.19612571404915624       -1.8623867355661136E-006
  0.156804637533518746213149000490183482         329.506184937416862684722573817452940        -1.56455676025913961780111996352975878E-0005  -5.0340179809196708E-002   19.612629596642996       -1.8626048483135275E-006
