          12
   12.100000000000001     
  -268587.280776351131317727847364063006         661688.484009755510923936980827164715         1298811.50763803681350652551029778444       -0.98535339951758127       -5.0896140741829932        1.5018294520383446     
  -668567.201500667246365702200416869466         529958.918492290081030021190594547775        -705691.243570730251469529147323456143         4.0068480570385017       0.91773022904245904       -4.6950943287248856     
   833206.008432089532732344818732883624        -1776728.16823247112933317267829957933         1512420.08092583061524537916542332283         2.8096918952513881       -1.3135976864731547       -4.6704276442086794     
  -1353215.26996210430319188650905015688        -885627.380017871465496112162452124773        -2125528.74817811705708530968239600155         3.4893089454988293        1.8807655001358712       -4.1797419372902187     
  -368000.466589842799599405736565849166         220570.721722571930667448391050200474        -462243.158880628458934282263709247852        -1.3592387477343171        3.1247977176761270        1.1064296132032465     
  -715581.249919006455619317791372324703         369961.090990607767964895549184234377        -390262.321482652585565741935047512345        -3.4570583251036298       -1.5083411758885987        2.9921618766755373     
   147154.367840084592640263647655984859         1179404.28802180715053038782547112371         517739.880264964504170482820222254346        -1.2306116419130047       -1.9537421246176541        4.2408400383210374     
  -190405.840278816768888759636269014675         13454.0712387958356166396596403922454        -251420.796255548127497719681777699201       -0.31022208235375559       0.27128941552033620       -1.0900024743927459     
   3177777.02691816539247179304074342174        -517903.206656914863278035550120392809         869765.458630676223421291859971837779       -0.32860183951612087        4.4453490190008838        1.4629165794236323     
  -593780.094113549527845099075262780304         205221.180385428201771616532611552929        -263590.659171830856028408792690598257        -2.6347628614779071      -0.77463682031519299        3.3310888250902266     
   6.05796774350715231489614143178812355E-0003  -2.37326449279198472977828182628456943        -8.11550075639269186713541868355090057E-0006   5.0207207726313784E-004 -0.19612646441572501       -1.3413851284461300E-006
  0.393402185302959670447223508582546003         237.326702845598932173354356223171635        -8.11593631405921681251477456527053440E-0006  -5.0339609770121772E-002   19.612688353419131       -1.3414964685574797E-006
