          12
   4.9000000000000004     
  -268580.186231797781487837171315868897         661725.129231070821665387036158989557         1298800.69446539184239178131574643523       -0.98535342085731636       -5.0896140689581779        1.5018296160090980     
  -668596.050805914111506175145360764084         529952.310832332990929454722556224411        -705657.438888252024215834478093611849         4.0068478448538132       0.91773087017114086       -4.6950952485879105     
   833185.778650388135776482880778814916        -1776718.71032896394696728511602978875         1512453.70800475365298148148485157804         2.8096919106921034       -1.3135977321885108       -4.6704276121905597     
  -1353240.39298638979727772530814444703        -885640.921529322632320948651962755373        -2125498.65403592926773129480055857242         3.4893089115826363        1.8807654585214346       -4.1797420037623052     
  -367990.680074047405168677876141636316         220548.223178937977239736688561677614        -462251.125170675291536713400891711624        -1.3592378620833061        3.1247977361790436        1.1064287331182829     
  -715556.359094366121582407619383658951         369971.951043945541038751558815533834        -390283.865047682847167098211249580674        -3.4570596305310426       -1.5083403068298846        2.9921617428689338     
   147163.228243569380776066444216354502         1179418.35496456796747921978441020494         517709.346216511263432796732808505154        -1.2306115483057063       -1.9537419756091201        4.2408400875787642     
  -190403.606682790848351218804257456452         13452.1179575293254466479471315176748        -251412.948239287535905936290803186488       -0.31022125817708279       0.27128871406444138       -1.0900020424247101     
   3177779.39285125994469488710549021068        -517935.213169835816727277151283459470         869754.925631281288399577689696151551       -0.32860179785952603        4.4453490145972161        1.4629165858360693     
  -593761.123819911068511403041680907251         205226.757773737436627489741369778630        -263614.643016110946198295824638435643        -2.6347631492209547      -0.77463771002455695        3.3310901416092071     
   2.44026706134159551871143367662853052E-0003 -0.961145188402324614305310968020990003        -1.33089695295685609102329519896391794E-0006   5.0283760660044014E-004 -0.19612980546003173       -5.4321997358041490E-007
  0.755841928475726035878282452196152974         96.1145604229215545777353923995178775        -1.33092187213938220834264982013438234E-0006  -5.0337378970289691E-002   19.612997518536684       -5.4323661115211587E-007
