          12
  0.60000000000000009     
  -268575.949212060694516523904479265990         661747.014571560629257444083872741229         1298794.23659783246074689165572291224       -0.98535343360172067       -5.0896140658358009        1.5018297139358214     
  -668613.280251374452845399775635648560         529948.364588767909994312436255947674        -705637.249977501818676121946305457256         4.0068477180904125       0.91773125313013304       -4.6950957980291106     
   833173.696975152334001101874783046270        -1776713.06185865683713381365654848656         1512473.79084344495952434798413666072         2.8096919199133348       -1.3135977594904449       -4.6704275930682506     
  -1353255.39701466605205525501609553626        -885649.008820740839613613417935500417        -2125480.68114522773821095392721147731         3.4893088913264800        1.8807654336679527       -4.1797420434607018     
  -367984.835352377723723991081450357397         220534.786548648761020467211624307414        -462255.882813097534268766018311636069        -1.3592373331123149        3.1247977471699238        1.1064282074522918     
  -715541.493736278706680296907149951861         369978.436906149034180243919678332539        -390296.731343005519566324371671939263        -3.4570604101221716       -1.5083397878194251        2.9921616630349672     
   147168.519873106899780247533993104971         1179426.75605487175475974746530205559         517691.110604071428627509435238529518        -1.2306114924007305       -1.9537418866174663        4.2408401169954200     
  -190402.272732438966873862973283593203         13450.9514169595446359789432527742643        -251408.261231059841542523205781822775       -0.31022076595289438       0.27128829513544361       -1.0900017844050474     
   3177780.80583893725259025350195207768        -517954.328170592929893817852882165180         869748.635089953959693721486368111995       -0.32860177298136606        4.4453490119670187        1.4629165896656449     
  -593749.794337999863707324256223429899         205230.088717032936169187853914230845        -263628.966705410354308938100098558261        -2.6347633211124655      -0.77463824136941317        3.3310909278856893     
   2.77809136177244518737129014285258677E-0004 -0.117755606498249456529775480717603386        -1.99553506432061375500380088003340241E-0008   5.0164567220255436E-004 -0.19616705774804388       -6.6517786410011478E-008
  0.972217116708168158269046457697903918         11.7755612733050240292786980944583775        -1.99553071086312908889138486152625920E-0008  -5.0171132797369844E-002   19.616707853071429       -6.6517738339273928E-008
