          12
   12.700000000000001     
  -268587.871988390308368346768436163426         661685.430241310870564700550300329977         1298812.40873570393723682035724831260       -0.98535339773925479       -5.0896140746182050        1.5018294383740911     
  -668564.797391827719810405372125039442         529959.469130411480022146467755428390        -705694.060627304491996274237175512623         4.0068480747165856       0.91773017562100123       -4.6950942520770678     
   833207.694247226297537722374819679800        -1776728.95639108187033363758372539456         1512417.27866924328959718308029724909         2.8096918939646325       -1.3135976826635143       -4.6704276468768189     
  -1353213.17637673615600878535836226742        -885626.251558570343624351519917770072        -2125531.25602327776940691795859450506         3.4893089483251174        1.8807655036037023       -4.1797419317508586     
  -368001.282133113580343278763984393718         220572.596601202072124562657551294354        -462242.495022838536514096672708218373        -1.3592388215347324        3.1247977161285894        1.1064296865380105     
  -715583.324153968881028707621494433536         369960.185985880508042414307467993248        -390260.526185523232913676187072482536        -3.4570582163143104       -1.5083412483111707        2.9921618878334963     
   147153.629473097104672483956822048858         1179403.11577652865473759045689128309         517742.424768986265315912001505616032        -1.2306116497135546       -1.9537421370349897        4.2408400342161165     
  -190406.026412086785349470874351141003         13454.2340124626841062593836234606566        -251421.450257043561273681411549762992       -0.31022215103442874       0.27128947397461994       -1.0900025103864146     
   3177776.82975706064138220299265802357        -517900.539447503352663954518941835640         869766.336380623717287131558273394161       -0.32860184298751177        4.4453490193678347        1.4629165788892553     
  -593781.674971259222256294120212416516         205220.715603358255648722155428664836        -263588.660518568714256828308117874822        -2.6347628375035756      -0.77463674617186162        3.3310887153824029     
   6.35919153634514779902279710266377322E-0003  -2.49094033493852284400285612697700799        -8.94028540297439481061533031057777985E-0006   5.0200722651953735E-004 -0.19612634434422260       -1.4078969777600848E-006
  0.363198395236516878749203143805779348         249.094312830844805267682673388662806        -8.94079123271912954458930386567698574E-0006  -5.0339689880379214E-002   19.612678424549280       -1.4080199742925577E-006
