          12
   7.6000000000000005     
  -268582.846686023293063430492783050237         661711.387273081988722215427412010084         1298804.74940527205686385679717087535       -0.98535341285495404       -5.0896140709179765        1.5018295545201277     
  -668585.232316625571003384453372397850         529954.788705357856662072672110364025        -705670.115644957499653371112424693435         4.0068479244333846       0.91773062973248254       -4.6950949036199763     
   833193.364818539187714796026007491065        -1776722.25704281771266434605399675553         1512441.09785018452914678125653669127         2.8096919049019098       -1.3135977150453242       -4.6704276241974467     
  -1353230.97185231135383025708740500900        -885635.843462563556973928904636483873        -2125509.93933930577454549394333938038         3.4893089243013664        1.8807654741269499       -4.1797419788353238     
  -367994.350016723407052380250825684980         220556.660132816317227459111949272586        -462248.137812650305399207626838586927        -1.3592381942123937        3.1247977292550617        1.1064290631648110     
  -715565.693154707698342807703495438458         369967.878524677143638502121447686485        -390275.786210909392618672656416478605        -3.4570591410053755       -1.5083406327242717        2.9921617930271722     
   147159.905592341566429297092799544079         1179413.07986115838710705959191393797         517720.796484722789830529224297528386        -1.2306115834085944       -1.9537420314874296        4.2408400691073993     
  -190404.444280605168927131382039519292         13452.8504374124130576653641938600354        -251415.891245020781866006811811065085       -0.31022156724519423       0.27128897711137279       -1.0900022044222446     
   3177778.50562638463535703700103829381        -517923.210727494174796864896404002802         869758.875506059799520587261789650269       -0.32860181348072837        4.4453490162486480        1.4629165834314239     
  -593768.237680268277273045275377327840         205224.666252370781968919502546988541        -263605.649073395097867080579812082415        -2.6347630413062633      -0.77463737638584118        3.3310896479091605     
   3.79755212395100820124043197734131638E-0003  -1.49069268192652658539323895503514450        -3.20167003944167108842001515394218212E-0006   5.0255603754400732E-004 -0.19612786563866247       -8.4253687465509784E-007
  0.619928767979935258647253629171736122         149.069368226691434081709886072530935        -3.20177197133592392396950588119887477E-0006  -5.0338766293172001E-002   19.612812888631016       -8.4257924245367494E-007
