          12
   4.8000000000000007     
  -268580.087696455680937410091108086259         661725.638192477713851550411572333158         1298800.54428243012761415163536238290       -0.98535342115369917       -5.0896140688855818        1.5018296182864659     
  -668596.451490698449504764765971565005         529952.219059245528541379258863353030        -705656.969378726526574922882639739852         4.0068478419061835       0.91773087907663131       -4.6950952613649450     
   833185.497681197055844636936150493540        -1776718.57896919069637011797807568661         1512454.17504751484980073753805474012         2.8096919109065532       -1.3135977328234418       -4.6704276117458585     
  -1353240.74191728093198671229735463580        -885641.109605868455564516941447283950        -2125498.23606172884534132051514987437         3.4893089111115683        1.8807654579434501       -4.1797420046855249     
  -367990.544150261811903749281094100352         220547.910699164346530901968934657010        -462251.235813547992150630725899374008        -1.3592378497819992        3.1247977364351507        1.1064287208939994     
  -715556.013388402161961353326047330396         369972.101877975620521568602683260004        -390284.164263857041195670619648794274        -3.4570596486614011       -1.5083402947597828        2.9921617410116648     
   147163.351304724146340739585614443276         1179418.55033876542491206083629329280         517708.922132502471351994591253209406        -1.2306115470055958       -1.9537419735395505        4.2408400882628818     
  -190403.575660665602993514811114295082         13452.0908286584061276595831874169913        -251412.839239083593441589772610189606       -0.31022124673007290       0.27128870432194008       -1.0900020364245819     
   3177779.42571143970171924327851320488        -517935.657704737273389023417546894716         869754.779339622700340124362150540050       -0.32860179728096345        4.4453490145360517        1.4629165859251301     
  -593760.860343595946562269095592157015         205226.835237509056929758335940938695        -263614.976125126021383384508078862036        -2.6347631532180493      -0.77463772238149342        3.3310901598945195     
   2.38998280110741744507434763944431211E-0003 -0.941532202306258356270390885711663032        -1.27712925181269284752165679893050241E-0006   5.0284758834591794E-004 -0.19612991720549802       -5.3213404793987877E-007
  0.760875661618260170851327575669564851         94.1532601333805118370978703978835256        -1.27715254373189241673253349693278931E-0006  -5.0337282906582584E-002   19.613008346704635       -5.3214995832408118E-007
