          12
   1.0000000000000000     
  -268576.343353433898100510100054316705         661744.978725934236833831156854302006         1298794.83732971621318441489412176545       -0.98535343241619955       -5.0896140661263169        1.5018297048263667     
  -668611.677512284858017984567335467666         529948.731681262036819742892307383286        -705639.128015810807645073797766954683         4.0068477298836820       0.91773121750406228       -4.6950957469158219     
   833174.820851920127778866356216269679        -1776713.58729776012537065540547454026         1512471.92267240737645794072252503070         2.8096919190555552       -1.3135977569507395       -4.6704275948470819     
  -1353254.00129110914460050069940688640        -885648.256514566910039589855696551292        -2125482.35304204438391761656790279743         3.4893088932107945        1.8807654359799173       -4.1797420397678335     
  -367985.379047320810234997750520768987         220536.036467747424896205564737172711        -462255.440241804773130233794792287606        -1.3592373823201971        3.1247977461493925        1.1064282563533370     
  -715542.876560428251783040093370047456         369977.833570224250471816764829213761        -390295.534478338820807807388879595566        -3.4570603376033016       -1.5083398360991291        2.9921616704589113     
   147168.027628508899391608542028819774         1179425.97455811545211185385473307017         517692.806940117679516027907049569008        -1.2306114976012128       -1.9537418948957737        4.2408401142590231     
  -190402.396820754505740246159684048178         13451.0599322853928670191887700946505        -251408.697231778404180080191132606864       -0.31022081174142951       0.27128833410570746       -1.0900018084080989     
   3177780.67439822759719493630060915809        -517952.550030988094151579932411522104         869749.220256589754704130635354353230       -0.32860177529561085        4.4453490122116941        1.4629165893094076     
  -593750.848243325110418313163007653117         205229.778861746273828664546834410475        -263627.634269053828577324779525170579        -2.6347633051211390      -0.77463819194227967        3.3310908547429943     
   4.78732523782851506367191918300818543E-0004 -0.196218489289799571332478800300691546        -5.54314750450487364110371482011736045E-0008   5.0269577660544049E-004 -0.19615018278285723       -1.1086281379134531E-007
  0.952121276308353827090439139291255799         19.6218506608691879711248162720949040        -5.54314619524535942874923428151314828E-0008  -5.0280520278256219E-002   19.615021742064492       -1.1086305720797999E-007
