          12
   15.500000000000000     
  -268590.630977892359850633861168001101         661671.179321899096602991405813298823         1298816.61385804211151761976272833729       -0.98535338944036799       -5.0896140766488083        1.5018293746075257     
  -668553.578217103024753294959192650943         529962.038774554210887756714593033181        -705707.206890709557399248051945406202         4.0068481572062407       0.91772992633292949       -4.6950938944023735     
   833215.561384520991644608369774971408        -1776732.63446456843846193504182773273         1512404.20147181460272955237089664848         2.8096918879597159       -1.3135976648851344       -4.6704276593280705     
  -1353203.40631166238072884517584792970        -885620.985415137596847586867465640405        -2125542.95930065048127282923973169203         3.4893089615143360        1.8807655197868312       -4.1797419059004675     
  -368005.088002296032379426731773186530         220581.346034797109963968885226748274        -462239.397019237121300709479204682518        -1.3592391659288667        3.1247977088952994        1.1064300287554163     
  -715593.003916263796566731042458897631         369955.962629912073871976643246739521        -390252.148132164385152142530577279433        -3.4570577086232972       -1.5083415862852307        2.9921619399190429     
   147150.183760426943247993822883046268         1179397.64529846383026307264363374836         517754.299121055251403050659342319746        -1.2306116861160021       -1.9537421949824698        4.2408400150596020     
  -190406.895034558394000645636934265792         13454.9936233717135897452939069518503        -251424.502264307794290756761512728439       -0.31022247154277932       0.27128974676051659       -1.0900026783494079     
   3177775.90967187759657901315914207960        -517888.092470246725366140256863189943         869770.432547041115924730748099058487       -0.32860185918735246        4.4453490210802276        1.4629165763954830     
  -593789.052307047608762792901826443910         205218.546620953379358692783562823069        -263579.333470882396994496673636731994        -2.6347627256320219      -0.77463640016785273        3.3310882034168126     
   7.76438772892297679624733913739120794E-0003  -3.04009342355959335255435882494623456        -1.33169370692554601555992964343791132E-0005   5.0170427157352989E-004 -0.19612588585255034       -1.7182817153226950E-006
  0.222246775461039725556170246201226348         304.009758443414929290904424874497636        -1.33178712073006810596206915512994961E-0005  -5.0340031656631687E-002   19.612642274032613       -1.7184667501756522E-006
