          12
   3.4000000000000004     
  -268578.708201663161209846095861530909         661732.763652173442181595539590688330         1298798.44172094220836199827961987560       -0.98535342530305192       -5.0896140678691468        1.5018296501696045     
  -668602.061077648230534938799674016202         529950.934235927546166385940923371223        -705650.396245235399099342320505812110         4.0068478006375878       0.91773100375616101       -4.6950954402467717     
   833181.564112519685066437582499077081        -1776716.73993235852123139869723766884         1512460.71364616693591908328786477255         2.8096919139088383       -1.3135977417124660       -4.6704276055200182     
  -1353245.62694975187170580816775622420        -885643.742677503912139455135854593261        -2125492.38442291323804983217415909279         3.4893089045165913        1.8807654498516504       -4.1797420176106002     
  -367988.641217392670740446952160063175         220543.535982330828688106382218236935        -462252.784813637444549606790172857652        -1.3592376775619837        3.1247977400181233        1.1064285497514956     
  -715551.173504716359283993359907682955         369974.213554269997440324093673780234        -390288.353290276257894164183559482228        -3.4570599024847612       -1.5083401257788132        2.9921617150132236     
   147165.074160877213079341616630557600         1179421.28557750809849272498053274214         517702.984956372198982538149203413964        -1.2306115288040225       -1.9537419445655577        4.2408400978404854     
  -190403.141351032361743477011595260262         13451.7110245678320049826566379147503        -251411.313236291401075775256146460628       -0.31022108647161278       0.27128856792675426       -1.0900019524211424     
   3177779.88575395022515664258423717645        -517941.881193357024435803210860029803         869752.731256401532366146978625387432       -0.32860178918109101        4.4453490136797260        1.4629165871719740     
  -593757.171675142268839544080760717321         205227.919730441488807090602564109348        -263619.639651529070221638125781637991        -2.6347632091792903      -0.77463789537820771        3.3310904158898254     
   1.68590265379602227203189451776310648E-0003 -0.666948930053717805536278584455089913        -6.40784070046327487015871040366045899E-0007   5.0297709395142600E-004 -0.19613215040699497       -3.7693023029700201E-007
  0.831346486487915637032678276008290652         66.6949130260197754760387311989688897        -6.40791396656654450160433175734051534E-0007  -5.0334914074800244E-002   19.613226817554803       -3.7693765485023695E-007
