          12
   5.2000000000000002     
  -268580.481837823905310255665629393103         661723.602346850101545076092701691576         1298801.14501427562030530381276260962       -0.98535341996816739       -5.0896140691759628        1.5018296091769938     
  -668594.848751559328941337311813519712         529952.586151590034817942579531413472        -705658.847416820850943890196527163950         4.0068478536965975       0.91773084345482148       -4.6950952102569969     
   833186.621557961246904444121419430786        -1776719.10440828331780124324096314927         1512452.30687646979569887332461863849         2.8096919100487527       -1.3135977302837167       -4.6704276135246641     
  -1353239.34619371611050713361812380949        -885640.357299684815798009965004400380        -2125499.90795852998097298104385188820         3.4893089129958379        1.8807654602553869       -4.1797420009926425     
  -367991.087845411565737233599571176510         220549.160618258715687837511199020913        -462250.793242049855140733570085798144        -1.3592378989871281        3.1247977354105783        1.1064287697909885     
  -715557.396212247122222525924639668941         369971.498541848060524936361304071405        -390282.967399159150695020018551062423        -3.4570595761398715       -1.5083403430402158        2.9921617484409309     
   147162.859060104304014869500694118178         1179417.76884197435343734959301009733         517710.618468537229207765340555091867        -1.2306115522060361       -1.9537419818178277        4.2408400855264068     
  -190403.699749173452628416108867170931         13452.1993441479289035096673782243566        -251413.275239902963365831581044051994       -0.31022129251809427       0.27128874329193564       -1.0900020604250003     
   3177779.29427072032648394458477503197        -517933.879565131410039119870258872406         869755.364506256999142847985972970504       -0.32860179959521396        4.4453490147807111        1.4629165855688877     
  -593761.914248854036116755484853158038         205226.525382429989884522383847276204        -263613.643689076691821106909197069963        -2.6347631372297786      -0.77463767295372488        3.3310900867533251     
   2.59111381491661882262109856123188933E-0003  -1.01998408261254112092478174567133919        -1.49885160604917422124085027359587006E-0006   5.0280734314303902E-004 -0.19612949521415551       -5.7647770143493819E-007
  0.740740675218300222327908258201922820         101.998455091573676872807041604573897        -1.49888185462896527727598342622436551E-0006  -5.0337635336070531E-002   19.612967533085211       -5.7649661737979921E-007
