          12
   2.0000000000000000     
  -268577.328706864832397013729409218637         661739.889111867747391796477085534915         1298796.33915940965273003036839494237       -0.98535342945239246       -5.0896140668525529        1.5018296820527228     
  -668607.670664540233202962570824290317         529949.649412435008970295217262114207        -705643.823111493832705325189857958846         4.0068477593656651       0.91773112844066140       -4.6950956191348263     
   833177.630543838111106768686831003407        -1776714.90089551390147481543385632454         1512467.25224481030584127531357641061         2.8096919169110990       -1.3135977506014673       -4.6704275992941486     
  -1353250.51198221357842015439565397369        -885646.375749128040171039935313235271        -2125486.53278407953566525324662350725         3.4893088979215618        1.8807654417598172       -4.1797420305356603     
  -367986.738284764639847865779764823911         220539.161265492297983629487179157980        -462254.333813487294130621539228753770        -1.3592375053387555        3.1247977435963810        1.1064283786042597     
  -715546.333620675206074911195441856674         369976.325230327801596477668155671389        -390292.542316659081120810496079442930        -3.4570601563050181       -1.5083399567986937        2.9921616890209903     
   147166.797017004797582316497628340803         1179424.02081621020845864420967252793         517697.047780228518031170251156858327        -1.2306115106024016       -1.9537419155915299        4.2408401074179984     
  -190402.707041623482757161761602660033         13451.3312206682113617510405806365621        -251409.787233616815675599079071833579       -0.31022092621255326       0.27128843153125531       -1.0900018684146309     
   3177780.34579644940877722716389419663        -517948.104681975576613190355157456661         869750.683173178618814431684591603711       -0.32860178108122512        4.4453490128233817        1.4629165884188127     
  -593753.483006610242884195195456342759         205229.004223616115566461451380497737        -263624.303178290513713512940308092420        -2.6347632651440955      -0.77463806837418170        3.3310906718868822     
   9.81675396028434583159220927495169917E-0004 -0.392360859014611226911611874257346244        -2.21725354984715611714983842747284584E-0007   5.0303691229778907E-004 -0.19613744045425227       -2.2172480978919677E-007
  0.901810575179752017127435617660502487         39.2360928290192708944861266218140372        -2.21726380945427934246988061809877599E-0007  -5.0325576411143796E-002   19.613750972984597       -2.2172691396125578E-007
