          12
   10.100000000000001     
  -268585.310069546168413201412544788479         661698.663237902426046946977589158249         1298808.50397908718932535186707522009       -0.98535340544531846       -5.0896140727320764        1.5018294975858297     
  -668575.215196722393136837758187418451         529957.083031653919684966273090376277        -705681.853381817302830696135851340457         4.0068479981071379       0.91773040712057607       -4.6950945842258722     
   833200.389048294740795840920277726155        -1776725.54103708548424408527749429601         1512429.42178111013876978067360656865         2.8096918995405398       -1.3135976991719263       -4.6704276353148355     
  -1353222.24857998587983808453649725575        -885631.141548860177771148685377244926        -2125520.38869422401212916097223981636         3.4893089360777991        1.8807654885763931       -4.1797419557547304     
  -367997.748112593335518564168773458787         220564.472127131424604477337725327846        -462245.371739610411546066047056013938        -1.3592385017286712        3.1247977228283323        1.1064293687477555     
  -715574.335801993620352677599738555640         369964.107672718137424774900168245048        -390268.305806368749561296519479114397        -3.4570586877305822       -1.5083409344811494        2.9921618394905698     
   147156.829063342416768846063757081301         1179408.19550601499468420517158229197         517731.398584874179121323370389440284        -1.2306116159111067       -1.9537420832264882        4.2408400520039820     
  -190405.219834880997546656367092055018         13453.5286601596428664354061638386280        -251418.616250719323931986229070378862       -0.31022185341738240       0.27128922067230754       -1.0900023544097748     
   3177777.68412183285341718432838453698        -517912.097354951641858539719276421902         869762.532797515594906368963656895189       -0.32860182794482679        4.4453490177776898        1.4629165812048806     
  -593774.824587746654076727094162535565         205222.729659315975864908324077795486        -263597.321349846730956269876822162241        -2.6347629413970730      -0.77463706745864813        3.3310891907852969     
   5.05360765386505267083563572305671130E-0003  -1.98101110343967147736990441764248772        -5.65443824490241124499377176743791693E-0006   5.0228790445201721E-004 -0.19612695002136390       -1.1196768378630889E-006
  0.494081114301532089641425318782275156         198.101287014272112868562558674057072        -5.65468687032675497347063531878748383E-0006  -5.0339308399712158E-002   19.612729986386487       -1.1197535017469175E-006
