          12
   0.0000000000000000     
  -268575.357999999999999999999999999996         661750.068340000000000000000000000026         1298793.33550000000000000000000000008       -0.98535343537999998       -5.0896140654000002        1.5018297276000001     
  -668615.684359999999999999999999999950         529947.813950000000000000000000000000        -705634.432919999999999999999999999956         4.0068477003999998       0.91773130657000002       -4.6950958746999998     
   833172.011160000000000000000000000028        -1776712.27369999999999999999999999991         1512476.59310000000000000000000000000         2.8096919212000002       -1.3135977633000000       -4.6704275904000001     
  -1353257.49059999999999999999999999996        -885650.137280000000000000000000000024        -2125478.17329999999999999999999999998         3.4893088885000001        1.8807654302000001       -4.1797420489999997     
  -367984.019809999999999999999999999998         220532.911669999999999999999999999990        -462256.546670000000000000000000000023        -1.3592372592999999        3.1247977486999998        1.1064281341000000     
  -715539.419500000000000000000000000026         369979.341910000000000000000000000008        -390298.526639999999999999999999999988        -3.4570605189000001       -1.5083397154000000        2.9921616519000001     
   147169.258239999999999999999999999990         1179427.92830000000000000000000000009         517688.566099999999999999999999999985        -1.2306114846000000       -1.9537418741999999        4.2408401210999997     
  -190402.086600000000000000000000000011         13450.7886439999999999999999999999996        -251407.607229999999999999999999999993       -0.31022069727000001       0.27128823668000002       -1.0900017484000000     
   3177781.00299999999999999999999999986        -517956.995379999999999999999999999982         869747.757339999999999999999999999956       -0.32860176950999997        4.4453490116000003        1.4629165902000001     
  -593748.213480000000000000000000000029         205230.553499999999999999999999999988        -263630.965359999999999999999999999995        -2.6347633451000001      -0.77463831550999995        3.3310910375999998     
   0.00000000000000000000000000000000000         0.00000000000000000000000000000000000         0.00000000000000000000000000000000000         0.0000000000000000      -0.19662949834999999        0.0000000000000000     
   1.00000000000000000000000000000000000         0.00000000000000000000000000000000000         0.00000000000000000000000000000000000         0.0000000000000000        19.662949834999999        0.0000000000000000     
