          12
   6.6000000000000005     
  -268581.861332608956187295499301592724         661716.476887152543814622027706917632         1298803.24757570614988433231606901338       -0.98535341581879732       -5.0896140701921944        1.5018295772938293     
  -668589.239164535268293595381972060871         529953.870974683599790954805636156166        -705665.420549989998341315665664197310         4.0068478949609130       0.91773071878168222       -4.6950950313831781     
   833190.555126633213540842750610693230        -1776720.94344509949266988143717904682         1512445.76827780650310361446886364689         2.8096919070464361       -1.3135977213946626       -4.6704276197504653     
  -1353234.46116123329988955132641148534        -885637.724228034794022165290539039285        -2125505.75959732232310927814156187308         3.4893089195907483        1.8807654683471433       -4.1797419880675477     
  -367992.990778590699211967290360725256         220553.535335085778724499060432506770        -462249.244241652351710324007488805998        -1.3592380712030137        3.1247977318215439        1.1064289409274084     
  -715562.236095476039261729955809343577         369969.386865249516877404669656925770        -390278.778372693129617986910195881466        -3.4570593223125230       -1.5083405120222784        2.9921617744473545     
   147161.136203918474501454902725328101         1179415.03360317952671085571236808685         517716.555644650261784184200331004873        -1.2306115704075455       -1.9537420107917747        4.2408400759486851     
  -190404.134059095158412789583479707301         13452.5791484840139984296898539861682        -251414.801242846358368029782426322776       -0.31022145277578339       0.27128887968671911       -1.0900021444244903     
   3177778.83422819522326841742455860715        -517927.656076510117627804070661312589         869757.412589475922790517237737084556       -0.32860180769509495        4.4453490156370128        1.4629165843220358     
  -593765.602917206987732136703739271894         205225.440889808952949868739445982145        -263608.980163134432508111700821373797        -2.6347630812731215      -0.77463749995605768        3.3310898307602699     
   3.29494298690005506312188099382609607E-0003  -1.29456455709346203311951861714135248        -2.41456180483557048419458978432913707E-0006   5.0266204169732091E-004 -0.19612840789591288       -7.3167945826041429E-007
  0.670267373097853216839950643568535327         129.456531150515815525858798196168209        -2.41462695324683128034732263312404972E-0006  -5.0338424447595544E-002   19.612863650565156       -7.3171092600473010E-007
