          12
   11.200000000000001     
  -268586.393958290365125349184044489799         661693.064662421981831678194918566786         1298810.15599152075562719298174041435       -0.98535340218506651       -5.0896140735301207        1.5018294725347181     
  -668570.807663906647898751589020882541         529958.092535047882716577930667378738        -705687.017985782661022246863291584829         4.0068480305202279       0.91773030917635678       -4.6950944436987569     
   833203.479709382937925154579694719843        -1776726.98599455073198876761259024084         1512424.28431070860205886289551191481         2.8096918971815126       -1.3135976921876078       -4.6704276402064568     
  -1353218.41034015334438849293696716099        -885629.072706819246991174579275440972        -2125524.98641036975682039057433669880         3.4893089412593787        1.8807654949341139       -4.1797419455992548     
  -367999.243275019654392230488704207401         220567.909404624978148704893543552420        -462244.154667230840304169179749704833        -1.3592386370325877        3.1247977199958097        1.1064295031994709     
  -715578.138566440429944758044866759431         369962.448497617182573340945950235444        -390265.014428334062696556786553614403        -3.4570584882865409       -1.5083410672550324        2.9921618599407345     
   147155.475390557048968011197853655848         1179406.04638971092471361521991646280         517736.063508927244426488437079036926        -1.2306116302121635       -1.9537421059916382        4.2408400444783858     
  -190405.561078989010037422585641664352         13453.8270783613239944688429045038798        -251419.815253345470133205932505848772       -0.31022197933253920       0.27128932783880233       -1.0900024204011847     
   3177777.32265981861379270619928638628        -517907.207471031716381044069930084088         869764.142005754381448047119484989721       -0.32860183430903689        4.4453490184504520        1.4629165802251956     
  -593777.722826958014611977255681196681         205221.877558616532102489529720834570        -263593.657151847490231957135131679588        -2.6347628974406319      -0.77463693152993507        3.3310889896525659     
   5.60605912578677401038752120543406932E-0003  -2.19675058673725130892542822813595649        -6.95314983779608071957914391026192489E-0006   5.0216927827422518E-004 -0.19612666450911614       -1.2416168024806648E-006
  0.438707777401669680664023434624176900         219.675275922302447068057418277930992        -6.95349266702233814313854717988026883E-0006  -5.0339482057809304E-002   19.612705245338891       -1.2417117425288248E-006
