          12
   11.300000000000001     
  -268586.492493630568812318291233021124         661692.555701014625194148564002460970         1298810.30617446789522972803998523980       -0.98535340188867959       -5.0896140736026654        1.5018294702573436     
  -668570.406979103448550124599303323642         529958.184308078355158335751712295192        -705687.487495226392145823745005728212         4.0068480334667713       0.91773030027248903       -4.6950944309237546     
   833203.760678572645352557093367806857        -1776727.11735431991900215972363108454         1512423.81726794455918027419161209223         2.8096918969670548       -1.3135976915526690       -4.6704276406511491     
  -1353218.06140925919489930268901911599        -885628.884630269724681774870245210020        -2125525.40438456427058311072331164836         3.4893089417304299        1.8807654955120876       -4.1797419446760280     
  -367999.379198883972663534041580568610         220568.221884396964846445686747600224        -462244.044024279909220371985040243269        -1.3592386493328454        3.1247977197381633        1.1064295154222090     
  -715578.484272288352029232932904889734         369962.297663509853551702635243714220        -390264.715212147975659628466038597582        -3.4570584701551699       -1.5083410793254115        2.9921618618000303     
   147155.352329393962747368271859471624         1179405.85101550022207259392215128466         517736.487592931658056133384371300095        -1.2306116315122582       -1.9537421080611963        4.2408400437942371     
  -190405.592101187515631965341267317638         13453.8542072945949945671135911107181        -251419.924253587810207685584729109245       -0.31022199077935331       0.27128933758120138       -1.0900024264003099     
   3177777.28979963515396089354138331448        -517906.762936129868279417294285593680         869764.288297412399513975845288804534       -0.32860183488760170        4.4453490185116111        1.4629165801361332     
  -593777.986303247558877528956555735846         205221.800094923996968163129595019699        -263593.324042949439213669823312002900        -2.6347628934447007      -0.77463691917275668        3.3310889713678256     
   5.65627551388766938652045632163201105E-0003  -2.21636325200699592580591557045011086        -7.07786578822542159737118142146330888E-0006   5.0215848349518893E-004 -0.19612664094542887       -1.2527022047432098E-006
  0.433673828458354263670629716309612434         221.636546346038628613195342609287763        -7.07821819921957058315546970941843692E-0006  -5.0339496783559576E-002   19.612703235350015       -1.2527989027320240E-006
