          12
   5.7000000000000002     
  -268580.974514533518914885443923390436         661721.057539815422823140742547565222         1298801.89592907736209176226827022313       -0.98535341848625091       -5.0896140695389214        1.5018295977901517     
  -668592.845327628796215010342218754097         529953.045017000630529326924561539514        -705661.194964410008353687718818392183         4.0068478684342361       0.91773079892812970       -4.6950951463727746     
   833188.026403916003217852783713226501        -1776719.76120714766599478281611235167         1512449.97166266247749110510911751959         2.8096919089765002       -1.3135977271090571       -4.6704276157481672     
  -1353237.60153925902375520280151999227        -885639.416916953965625077896117733924        -2125501.99782952932326845775223844724         3.4893089153511689        1.8807654631453039       -4.1797419963765394     
  -367991.767464376435828946570461006613         220550.723017126100687838362590653663        -462250.240027649679448069784254427029        -1.3592379604931704        3.1247977341293214        1.1064288309116816     
  -715559.124742012529107436397124431008         369970.744371661452761715329629055312        -390281.471318282608438387585314544014        -3.4570594854876031       -1.5083404033908550        2.9921617577282267     
   147162.243754326575860293011555057764         1179416.79197098085756279293723203248         517712.738888579137260764687078484754        -1.2306115587065809       -1.9537419921656698        4.2408400821058025     
  -190403.854859834020418155842158114422         13452.3349885317529876338411704006499        -251413.820240940675924948135844250168       -0.31022134975305199       0.27128879200439426       -1.0900020904251708     
   3177779.12996981980567353617307679844        -517931.656890623943227175913772697395         869756.095964549672260780411314762218       -0.32860180248802778        4.4453490150865358        1.4629165851235841     
  -593763.231630417654754707336151042824         205226.138063608959217101759819890093        -263611.978144056171741029622745955403        -2.6347631172448494      -0.77463761116892893        3.3310899953270328     
   2.84250470540549136737578511668900205E-0003  -1.11804871520199691986921508579655438        -1.80094781100207012664952927470326991E-0006   5.0275606916353811E-004 -0.19612904828957664       -6.3190708430232470E-007
  0.715571767864202552827815675962064290         111.804927789327552517528729936202581        -1.80098853073499694355121890982814099E-0006  -5.0337979113176237E-002   19.612924572521266       -6.3193012018025627E-007
