          12
   6.0000000000000000     
  -268581.270120558931417398183111311379         661719.530655594528482746994324514870         1298802.34647795567432101847271663794       -0.98535341759710027       -5.0896140697566858        1.5018295909580450     
  -668591.643273266939584561440734766741         529953.320336236301605739077574819263        -705662.603492948170655411953555713423         4.0068478772766145       0.91773077221241894       -4.6950951080426240     
   833188.869311488599664349909978966508        -1776720.15528646551299212849178710263         1512448.57053437755292656744787738176         2.8096919083331464       -1.3135977252042601       -4.6704276170822681     
  -1353236.55474658420642574236658628447        -885638.852687314761942030208186071884        -2125503.25175212782078010010922142213         3.4893089167643647        1.8807654648792518       -4.1797419936068758     
  -367992.175235770119297821172943407928         220551.660456446224132724164279650825        -462249.908098994905119367869045232689        -1.3592379973965991        3.1247977333602788        1.1064288675838081     
  -715560.161859850016658644883404960550         369970.291869535003941146769079750819        -390280.573669754454064317398254146939        -3.4570594310960518       -1.5083404396012903        2.9921617633009840     
   147161.874570858378837602440381004944         1179416.20584838227655661067605485934         517714.011140603461145331878889841433        -1.2306115626069047       -1.9537419983743731        4.2408400800534336     
  -190403.947926244097475088312698687798         13452.4163751737384246254165681699884        -251414.147241570503466664834590904569       -0.31022138409398997       0.27128882123185022       -1.0900021084250850     
   3177779.03138927879891196500751482365        -517930.323285919389743331915365587274         869756.534839525169258418402784549484       -0.32860180422371654        4.4453490152700290        1.4629165848564016     
  -593764.022059351029594033811731534940         205225.905672331169176186863034594397        -263610.978817065801984056246931586993        -2.6347631052541098      -0.77463757409800593        3.3310899404713648     
   2.99332686098042558280225844402622215E-0003  -1.17688739404904636970741749202318260        -1.99550856787074416278209524950118434E-0006   5.0272492821891641E-004 -0.19612881451088895       -6.6516461588876062E-007
  0.700470348242758861575943743482675075         117.688801752972063502378219368438295        -1.99555659456419369553528934533755174E-0006  -5.0338147717260077E-002   19.612902233789093       -6.6519031727090234E-007
