          12
   10.800000000000001     
  -268585.999816929253988947921133467741         661695.100508051335844820293186074903         1298809.55525972991984007130772393887       -0.98535340337061361       -5.0896140732399333        1.5018294816442144     
  -668572.410403116498732097816026786980         529957.725442917089042088089195781109        -705685.139947994961470038909334689903         4.0068480187338880       0.91773034479208160       -4.6950944947990809     
   833202.355832623893753096724346107777        -1776726.46055547334899434927107941809         1512426.15248176432888942792021058636         2.8096918980393424       -1.3135976947273618       -4.6704276384276886     
  -1353219.80606372947129999557425161779        -885629.825013016758258268626147202719        -2125523.31451359077853696400994820691         3.4893089393751717        1.8807654926222177       -4.1797419492921550     
  -367998.699579574681586866496396659441         220566.659485536773741813131310962593        -462244.597239022341866869379306548305        -1.3592385878313931        3.1247977210261548        1.1064294543082762     
  -715576.755743030610253162276945815305         369963.051834034428290023912566653060        -390266.211293076551601010718561823853        -3.4570585608118689       -1.5083410189735598        2.9921618525038669     
   147155.967635208093757757839004085544         1179406.82788655166572283959358635750         517734.367172908905753286804007906581        -1.2306116250117825       -1.9537420977134041        4.2408400472149719     
  -190405.436990206434477366470581216629         13453.7185626379823950172971575023335        -251419.379252382108981911237599593527       -0.31022193354525235       0.27128928886919018       -1.0900023964045278     
   3177777.45410055187455582272927634410        -517908.985610639047635578797734723348         869763.556839122220119437867702494272       -0.32860183199477816        4.4453490182058122        1.4629165805814452     
  -593776.668921795841586821030899656677         205222.187413399029813954058121261413        -263594.989587457979064646181877051840        -2.6347629134245381      -0.77463698095861089        3.3310890627916159     
   5.40518278094761606377945464818601806E-0003  -2.11829990154128098298405569188673780        -6.46537145060783271307099805776466470E-0006   5.0221244150717320E-004 -0.19612676249211333       -1.1972751116533250E-006
  0.458843558214024108138232374565212979         211.830192162038359576792245775322954        -6.46567768658929431121826218871427634E-0006  -5.0339421561081933E-002   19.612713658119379       -1.1973631807018155E-006
