          12
   10.500000000000000     
  -268585.704210908109430211352514072939         661696.627392273275181525746813093773         1298809.10471088440175640864315820274       -0.98535340425977314       -5.0896140730222861        1.5018294884763359     
  -668573.612457520792915018847391017637         529957.450123809644613642236971040589        -705683.731419640772913219649575822202         4.0068480098939530       0.91773037150414150       -4.6950945331246583     
   833201.512925054385442679785178654612        -1776726.06647616464506269703532703721         1512427.55361005565708736690100355559         2.8096918986827135       -1.3135976966321758       -4.6704276370936091     
  -1353220.85285641107188036142694453897        -885630.389242664284836356139163360292        -2125522.06059100557543594957055077542         3.4893089379620137        1.8807654908882938       -4.1797419520618320     
  -367998.291808003867324542395800257564         220565.722046220350011739618212303061        -462244.929167853134058412010592986641        -1.3592385509303249        3.1247977217986609        1.1064294176396263     
  -715575.718625454207612089668755217557         369963.504336334688699214314766550168        -390267.108941631466158538946720213391        -3.4570586152056979       -1.5083409827625007        2.9921618469265496     
   147156.336818695012250225626626587418         1179407.41400918004844389551100114497         517733.094920894433393426728451380810        -1.2306116211114944       -1.9537420915047270        4.2408400492674074     
  -190405.343923631521975342006935960637         13453.6371758557057212730896506025498        -251419.052251665887267850632291743544       -0.31022189920475507       0.27128925964196438       -1.0900023784068704     
   3177777.55268110121263543212978552863        -517910.319215344481860291920849448370         869763.117964148005606806957623611210       -0.32860183025908446        4.4453490180223332        1.4629165808486317     
  -593775.878492920016009572571347163745         205222.419804498878118703700246250309        -263595.988914185044706885815424257653        -2.6347629254126583      -0.77463701803007812        3.3310891176459969     
   5.25451419500049093225376925508918191E-0003  -2.05946186123356694006383826867079279        -6.11117736836983348017658743731039726E-0006   5.0224479526079677E-004 -0.19612684019225710       -1.1640187576667428E-006
  0.473945377638863619631929072206766307         205.946377064465431155904084903340845        -6.11145793491816176973868841262489733E-0006  -5.0339374315750723E-002   19.612720388994521       -1.1641018422933776E-006
