          12
   2.2000000000000002     
  -268577.525777550663599491018868059552         661738.871189054362356477632101103862         1298796.63952534560780185811379450208       -0.98535342885963029       -5.0896140669977905        1.5018296774979931     
  -668606.869294987770448753738317115797         529949.832958658915863433595122566899        -705644.762130615104087365306861911974         4.0068477652618588       0.91773111062828550       -4.6950955935790075     
   833178.192482221450437762180207812463        -1776715.16361506389478288677891137928         1512466.31815929035806938355579465138         2.8096919164822061       -1.3135977493316113       -4.6704276001835616     
  -1353249.81412043389989218295788031551        -885645.999596039572609442827311188064        -2125487.36873248545815423283800171815         3.4893088988637118        1.8807654429157954       -4.1797420286892226     
  -367987.010132268167951805586946001368         220539.786225040966172887034746352686        -462254.112527809128287393956452389100        -1.3592375299422708        3.1247977430854901        1.1064284030541545     
  -715547.025032702841095598483844852948         369976.023562334027861267484738050378        -390291.943884320905644613256546548984        -3.4570601200451718       -1.5083399809386588        2.9921616927337866     
   147166.550894702417078298182229190151         1179423.63006782667623740022411205084         517697.895948249864810658463221137977        -1.2306115132026363       -1.9537419197306789        4.2408401060497880     
  -190402.769085811014686884895530383244         13451.3854783564661220004927827398329        -251410.005233991698714807041803442893       -0.31022094910674136       0.27128845101634569       -1.0900018804157490     
   3177780.28007609307681981361017042861        -517947.215612172999702650872944076336         869750.975756496284765235605385136309       -0.32860178223834835        4.4453490129457158        1.4629165882406929     
  -593754.009959262472183518334345464524         205228.849296004912096227937312598032        -263623.636960159793448701212037477144        -2.6347632571489052      -0.77463804366051658        3.3310906353157668     
   1.08228323217324639974375871664946658E-0003 -0.431588227050488373957165544325675910        -2.68287547594200348002117759143552369E-0007   5.0304021418310653E-004 -0.19613627660947441       -2.4389711085370863E-007
  0.891745195678337483803513677238505863         43.1588310873944928369727591643822961        -2.68289049926812484519261428782440313E-0007  -5.0328095105918888E-002   19.613635281263150       -2.4389978117594267E-007
