          12
   7.1000000000000005     
  -268582.354009316495105780173840992472         661713.932080117356991236874375061942         1298803.99849049195008676570173289385       -0.98535341433687640       -5.0896140705550952        1.5018295659069798     
  -668587.235740584103707436713359690778         529954.329840031859376466897432189640        -705667.768097489719397401352063425817         4.0068479096973606       0.91773067425676547       -4.6950949675011797     
   833191.959972586468693500152404851661        -1776721.60024395939633437066090815284         1512443.43306399607199790683653706224         2.8096919059741743       -1.3135977182199949       -4.6704276219739569     
  -1353232.71650677291568708566493750563        -885636.783845299897973848504417748752        -2125507.84946831520285509277146118732         3.4893089219460607        1.8807654712370487       -4.1797419834514358     
  -367993.670397641676959713490924208654         220555.097733951368786412859934742404        -462248.691027166608230165754517271305        -1.3592381327079086        3.1247977305386034        1.1064290020464118     
  -715563.964625114532195847311113468007         369968.632694978418007128420086360173        -390277.282291803583595568086783700311        -3.4570592316591475       -1.5083405723732208        2.9921617837368673     
   147160.520898131645596475134407654641         1179414.05673217154386592573911407564         517718.676064687380967937949116652858        -1.2306115769080732       -1.9537420211396046        4.2408400725280480     
  -190404.289169835854993603868612339636         13452.7147929360354463378031258935503        -251415.346243926070397700503200599791       -0.31022151001052711       0.27128892839906588       -1.0900021744235633     
   3177778.66992729065251691819050938723        -517925.433402002222666344273260818891         869758.144047767972482055821026314347       -0.32860181058791127        4.4453490159428313        1.4629165838767302     
  -593766.920298742628359902163692751771         205225.053571074421182324223900117476        -263607.314618241908799036551380723376        -2.6347630612894650      -0.77463743817099673        3.3310897393346037     
   3.54626080779514503719604401332787802E-0003  -1.39262868713448854799188958430988805        -2.79425874508929091447468424480604552E-0006   5.0260918549426101E-004 -0.19612811888371448       -7.8710826868027289E-007
  0.645098113084546378846609662738309510         139.262956018079186920610723632307781        -2.79434092273276693667765804373441569E-0006  -5.0338609964501395E-002   19.612836481240532       -7.8714498501903820E-007
