          12
   2.8000000000000003     
  -268578.116989607445891402513066248399         661735.817420614032972373628194162646         1298797.54062314800734023599593225392       -0.98535342708134221       -5.0896140674334829        1.5018296638338005     
  -668604.465186323306851364722258601553         529950.383597309261833596164686932539        -705647.579187948251428834410825530155         4.0068477829500289       0.91773105719176684       -4.6950955169123194     
   833179.878297370953757216640589433638        -1776715.95177371235087889830422946949         1512463.51590272944746267495264024916         2.8096919151955242       -1.3135977455220411       -4.6704276028517917     
  -1353247.72053509373373085917513503059        -885644.871136772782752746382695097106        -2125489.87657770100989573515137820435         3.4893089016901562        1.8807654463837258       -4.1797420231499132     
  -367987.825674808276389213773094333247         220541.661103686357535561867182494201        -462253.448670745291019627707801431549        -1.3592376037524219        3.1247977415522401        1.1064284764032593     
  -715549.099268742234251249073606615551         369975.118558323738673984628633206747        -390290.148587301923684855301521778858        -3.4570600112652516       -1.5083400533586580        2.9921617038729349     
   147165.812527792155286680728654147278         1179422.45782267111259697721092898357         517700.440452312263292028374217501592        -1.2306115210033337       -1.9537419321481215        4.2408401019451452     
  -190402.955218401083484450303506818625         13451.5482514446125022172713464607692        -251410.659235130749086287030025221860       -0.31022101778923217       0.27128850947157868       -1.0900019164187280     
   3177780.08291502269239962965609314058        -517944.548402765122170516238764292875         869751.853506449068873513864041946376       -0.32860178570971904        4.4453490133127227        1.4629165877063339     
  -593755.590817209565953717732567085392         205228.384513200958105277896259543967        -263621.638305811517943946050701597978        -2.6347632331637705      -0.77463796951943020        3.3310905256026353     
   1.38410290677720746279396463185307198E-0003 -0.549269183213770483768106922539686821        -4.34580840903782402990025600792000284E-0007   5.0301977052446720E-004 -0.19613377609004964       -3.1041381777748113E-007
  0.861546814352676663609090570994375469         54.9269318993929335503967337217545719        -4.34584542235332174431730164177942697E-0007  -5.0332616245810570E-002   19.613387307590134       -3.1041857440577040E-007
