          12
   2.7000000000000002     
  -268578.018454264722938026808268796582         661736.326382020772690498808810133394         1298797.39044018151009177029775454323       -0.98535342737772369       -5.0896140673608699        1.5018296661111663     
  -668604.865871101454455479539684681306         529950.291824203097355879869129191562        -705647.109678395921311570880840591214         4.0068477800020421       0.91773106609778987       -4.6950955296900210     
   833179.597328179423482219037033758042        -1776715.82041393776692824798685288448         1512463.98294548971040706467905412324         2.8096919154099713       -1.3135977461569697       -4.6704276024070870     
  -1353248.06946598387919316159588856149        -885645.059213317392226063698157378946        -2125489.45860349864874305493289696754         3.4893089012190828        1.8807654458057377       -4.1797420240731329     
  -367987.689751048516229301426627706915         220541.348623912189530963711137090389        -462253.559313592320106321596345777559        -1.3592375914507711        3.1247977418078419        1.1064284641784690     
  -715548.753562740201224322306172709344         369975.269392328471039341177828418957        -390290.447803472218148201425824694854        -3.4570600293952780       -1.5083400412886472        2.9921617020163311     
   147165.935588944190614386806625901717         1179422.65319686422393061551727733169         517700.016368302034571696670917084744        -1.2306115197032181       -1.9537419300785481        4.2408401026292539     
  -190402.924196299876914893861590272206         13451.5211225941524710483705590258192        -251410.550234939407236117583643864031       -0.31022100634215799       0.27128849972904384       -1.0900019104182708     
   3177780.11577520123444347379705610099        -517944.992937666450384787626415317145         869751.707214790293787000031167089232       -0.32860178513115718        4.4453490132515556        1.4629165877953938     
  -593755.327340886049702719063914102577         205228.461976998527891261084321605766        -263621.971414864992482620472680210351        -2.6347632371612475      -0.77463798187628741        3.3310905438881346     
   1.33380064967630242319350519775156272E-0003 -0.529655788795607206185384052687936673        -4.04093763926678899637385884565972873E-0007   5.0302526935258097E-004 -0.19613411635252975       -2.9932772040160554E-007
  0.866580049269627670198304705828640238         52.9655915050370035557225634192946018        -4.04097009135716307354152366390285198E-0007  -5.0332071879014187E-002   19.613420987459854       -2.9933208891632434E-007
