          12
   15.800000000000001     
  -268590.926583909058586327387591063950         661669.652437676069327768899608344125         1298817.06440685346895591444071893513       -0.98535338855119869       -5.0896140768663356        1.5018293677753891     
  -668552.376162654537266135600925842603         529962.314093528104522861691544344254        -705708.615418872129985587747791342351         4.0068481660436293       0.91772989962467166       -4.6950938560815612     
   833216.404292087283053002768618000601        -1776733.02854386761827847959344106590         1512402.80034351660419710642602186823         2.8096918873163266       -1.3135976629803028       -4.6704276606621251     
  -1353202.35951897371445783564147813390        -885620.421185481400712038538014514467        -2125544.21322322183596281465201016657         3.4893089629274541        1.8807655215207300       -4.1797419031307808     
  -368005.495774051345835479148171920370         220582.283474109662144405962225235374        -462239.065090222994915410024557855829        -1.3592392028274760        3.1247977081191860        1.1064300654204444     
  -715594.041033568224131676566157622713         369955.510127430756546465486778174644        -390251.250483581572134350116121126450        -3.4570576542270954       -1.5083416224969384        2.9921619455011093     
   147149.814576920523408808014753645911         1179397.05917580440422321229054780654         517755.571373059461411109052897394618        -1.2306116900162529       -1.9537422011911199        4.2408400130070971     
  -190406.988101305007841056970985249575         13455.0750103001257931528618222438705        -251424.829265113998413341680759902623       -0.31022250588281736       0.27128977598750248       -1.0900026963447140     
   3177775.81109131958001823394822926691        -517886.758865540373774966560471710845         869770.871422013994492007316616799484       -0.32860186092305121        4.4453490212636924        1.4629165761282918     
  -593789.842735863500558326045775103836         205218.314230038889806553861760995959        -263578.334144429599906402735820520884        -2.6347627136466296      -0.77463636309581896        3.3310881485637718     
   7.91489413854187977346958671187593382E-0003  -3.09893118305969926052148566419930376        -1.38374098547925930947447440720437786E-0005   5.0167179210512723E-004 -0.19612584434761096       -1.7515368426584211E-006
  0.207144760768305291961802541700343738         309.893550655930086895617492359633616        -1.38384006086248979954274010182587595E-0005  -5.0340066249383912E-002   19.612639162680658       -1.7517292704351695E-006
