          12
   4.0000000000000000     
  -268579.299413717809553003777051083386         661729.709883732590003683291524083669         1298799.34281872821086436940729580422       -0.98535342352475941       -5.0896140683047806        1.5018296365054049     
  -668599.656968962541868014503587680458         529951.484874513769409142874972085125        -705653.213302476547782397841013235463         4.0068478183245366       0.91773095032146812       -4.6950953635823689     
   833183.249927667644361650247653017260        -1776717.52809100240583705728886210187         1512457.91138960282344321598702041598         2.8096919126221480       -1.3135977379028871       -4.6704276081882385     
  -1353243.53336440831382419087425272860        -885642.614218232960774065490039408412        -2125494.89226812214261402590453897686         3.4893089073430166        1.8807654533195688       -4.1797420120712836     
  -367989.456760021350651094179107225555         220545.410860974379109603936699457439        -462252.120956485589399149902928298795        -1.3592377513709553        3.1247977384831405        1.1064286230988623     
  -715553.247740625215850050783172875439         369973.308550172804067221434820567091        -390286.557993243907589586209061494048        -3.4570597937037015       -1.5083401981991247        2.9921617261546523     
   147164.335793957590461845839069354715         1179420.11333233763392952851423167724         517705.529460429671870363912966617177        -1.2306115366047023       -1.9537419569829877        4.2408400937358088     
  -190403.327483704849397729808035961707         13451.8737977261245957132014400281501        -251411.967237473654344140219507597316       -0.31022115515388338       0.27128862638187229       -1.0900019884229926     
   3177779.68859287567509029728309022364        -517939.213983948706502508592119937684         869753.609006353675241774925930293661       -0.32860179265246403        4.4453490140467240        1.4629165866376128     
  -593758.752533060581232406506257959251         205227.454947726504283517248716783842        -263617.640997312450090263965529757679        -2.6347631851954647      -0.77463782123684932        3.3310903061773369     
   1.98767351409720378793656234139852756E-0003 -0.784627858759512855028189770578705975        -8.86897058379432991727035324909632832E-0007   5.0292467580944277E-004 -0.19613100607951831       -4.4344634841276414E-007
  0.801145108008980262956225462667170234         78.4628135861936672201810694105006405        -8.86909785456612223096266390374304242E-0007  -5.0336237727433723E-002   19.613114463077927       -4.4345702229971443E-007
