          12
   4.5000000000000000     
  -268579.792090429201454754224581700225         661727.165076698346860876263075823570         1298800.09373354361685784373603436145       -0.98535342204284726       -5.0896140686677880        1.5018296251185688     
  -668597.653545049694917808912886236733         529951.943739977798063514095178172525        -705655.560850142367401220721001564540         4.0068478330631931       0.91773090579325500       -4.6950952996962396     
   833184.654773623687374306059361117633        -1776718.18488987056361768709505932753         1512455.57617579817344543406110179972         2.8096919115499022       -1.3135977347282346       -4.6704276104117515     
  -1353241.78870995405347903534909459463        -885641.673835505578507761950401988595        -2125496.98213912702423194779344228776         3.4893089096983636        1.8807654562094958       -4.1797420074551850     
  -367990.136378912412902106826018133743         220546.973259843300751529603376255285        -462251.567742158759407387789569510184        -1.3592378128779807        3.1247977372033273        1.1064286842210040     
  -715554.976270499404887691391463633321         369972.554380058616914647675599781004        -390285.061912378508947540426410327529        -3.4570597030523831       -1.5083402585495036        2.9921617354400478     
   147163.720488187662970426436981341557         1179419.13646135655547217744865129427         517707.649880475684631492208631620129        -1.2306115431052624       -1.9537419673308407        4.2408400903152339     
  -190403.482594296735127961073263946912         13452.0094420514936721072680875233014        -251412.512238475366134487911928818697       -0.31022121238902473       0.27128867509442661       -1.0900020184241035     
   3177779.52429197862565535372993130711        -517936.991309441606682890053559020753         869754.340464646882722899934869964467       -0.32860179554527585        4.4453490143525531        1.4629165861923112     
  -593760.069914648182440510372215314334         205227.067628831331997238410225214965        -263615.975452182218137988464201626466        -2.6347631652094434      -0.77463775945228019        3.3310902147505090     
   2.23912407553716808394830145578779934E-0003 -0.882693173668939573637409745643367387        -1.12247770948902021680703075719361026E-0006   5.0287714401304139E-004 -0.19613028131864868       -4.9887622195115461E-007
  0.775976798989302726626418951760832954         88.2693524376725739133409120995565900        -1.12249654463479747172698437371295195E-0006  -5.0336955755286551E-002   19.613043718883791       -4.9889004759700926E-007
