          12
   16.000000000000000     
  -268591.123654586709547375997925167109         661668.634514860681562801267840967538         1298817.36477272656855685849242032511       -0.98535338795841876       -5.0896140770113494        1.5018293632206308     
  -668551.574793020739391399220319378521         529962.497639506248917009626625551633        -705709.554437640791587475807000728834         4.0068481719351361       0.91772988181929327       -4.6950938305345122     
   833216.966230464703423563368467341689        -1776733.29126340008734926742134385682         1512401.86625798438283840111895361957         2.8096918868873995       -1.3135976617104144       -4.6704276615514955     
  -1353201.66165718103476177764654675425        -885620.045032376980974194815854350106        -2125545.04917160227746996971065485125         3.4893089638695316        1.8807655226766615       -4.1797419012843200     
  -368005.767621894371229838110459731124         220582.908433651234228071490450773230        -462238.843804207466502593946583443719        -1.3592392274264664        3.1247977076016569        1.1064300898636756     
  -715594.732445095443128078888106458092         369955.208459103843044149497742978391        -390250.652051192099763143387169961317        -3.4570576179628820       -1.5083416466380981        2.9921619492226452     
   147149.568454582260142458791651876017         1179396.66842736375209063968694245270         517756.419541061925993569095560964384        -1.2306116926164190       -1.9537422053302191        4.2408400116387570     
  -190407.050145808473738836508193372777         13455.1292682572717584889217118382372        -251425.047265654467035628086002407848       -0.31022252877616069       0.27128979547215176       -1.0900027083415065     
   3177775.74537094727969496856835596152        -517885.869795736108808620830057378707         869771.164005329202336537153805728862       -0.32860186208018388        4.4453490213860034        1.4629165759501641     
  -593790.369688405430864043922367656620         205218.159302768742113870517607132614        -263577.667926803544019877897364168002        -2.6347627056564593      -0.77463633838111090        3.3310881119951228     
   8.01522633153981466872656236333227753E-0003  -3.13815634921880271543739859829713623        -1.41899342282696903220527497845906686E-0005   5.0165013769127805E-004 -0.19612581732795087       -1.7737068866608209E-006
  0.197076745224999031266691421060421874         313.816078286700484462068416746660660        -1.41909639674660635258029393459541100E-0005  -5.0340089165023853E-002   19.612637153476062       -1.7739043232116710E-006
