          12
   13.500000000000000     
  -268588.660271107551329200422568499459         661681.358550050943907664489085362928         1298813.61019924734890443195067799572       -0.98535339536814925       -5.0896140751984422        1.5018294201550806     
  -668561.591913358518541184937755694712         529960.203314523485837647157753460547        -705697.816702665275385546227449040613         4.0068480982864170       0.91773010439381042       -4.6950941498817578     
   833209.942000740782968925626228440279        -1776730.00726922596933296035898175438         1512413.54232712436514107038620924328         2.8096918922489520       -1.3135976775839866       -4.6704276504343314     
  -1353210.38492957598856951779431323498        -885624.746946165611157694244337523794        -2125534.59981682021576121234263112568         3.4893089520934870        1.8807655082274670       -4.1797419243650396     
  -368002.369524210168051995233917672577         220575.096439374149203042395628315820        -462241.609879050194670625671261587920        -1.3592389199343680        3.1247977140638588        1.1064297843163440     
  -715586.089800483911216531812682362127         369958.979312843233657256938329283010        -390258.132456007014633835930927929768        -3.4570580712610002       -1.5083413448748422        2.9921619027125486     
   147152.644983773173541353915805274245         1179401.55278281240417212803461843871         517745.817441011448905480088478192598        -1.2306116601142740       -1.9537421535914272        4.2408400287428636     
  -190406.274589844242528986173468297250         13454.4510440730393909740310182110430        -251422.322259071066743180003222324352       -0.31022224260848813       0.27128955191357557       -1.0900025583770949     
   3177776.56687558439996400918604868555        -517896.983168287662696211366419873893         869767.506713886543688480857405842484       -0.32860184761603500        4.4453490198570966        1.4629165781767517     
  -593783.782781516439133830499441657509         205220.095894000861338551958135134600        -263585.995647654919015503246493281604        -2.6347628055388195      -0.77463664731387571        3.3310885691058050     
   6.76076271506561095905830580110595918E-0003  -2.64784135091002089052239498734309109        -1.01020758231946008155286171971248545E-0005   5.0192071251528927E-004 -0.19612619800522091       -1.4965789855619175E-006
  0.322926602159738358402288685433667581         264.784450728512769895894862770546752        -1.01026865581644513762231917900418642E-0005  -5.0339792029166781E-002   19.612666561690659       -1.4967184233685671E-006
