          12
   8.7000000000000011     
  -268583.930574775640384974004920559661         661705.788697603539890471722184628359         1298806.40141776825091060464101300206       -0.98535340959471918       -5.0896140717162428        1.5018295294690447     
  -668580.824783890864322829449828411391         529955.798208996688957092050659136717        -705675.280249274186558043663319850181         4.0068479568511437       0.91773053178129149       -4.6950947630841231     
   833196.455479633282372242200075618285        -1776723.70200030042116575775962283848         1512435.96037979522153637349790589183         2.8096919025429163       -1.3135977080610381       -4.6704276290891098     
  -1353227.13361249177241506620184008366        -885633.774620538520553422270620291835        -2125514.53705547690790489135936880414         3.4893089294830153        1.8807654804847180       -4.1797419686798696     
  -367995.845178811460501125912281317196         220560.097410316943813783129302308329        -462246.920740606871743506754296459983        -1.3592383295208177        3.1247977264291529        1.1064291976231657     
  -715569.495919653112602885930426666076         369966.219349908122005979285162879940        -390272.494832925820277380116740673076        -3.4570589415656841       -1.5083407654969643        2.9921618134686292     
   147158.551919591951353020917725444851         1179410.93074491123007150104595730520         517725.461408794668970351141035202132        -1.2306115977097192       -1.9537420542526294        4.2408400615819319     
  -190404.785524398392473993080198368955         13453.1488553461773994772339296810411        -251417.090247481944155596847167988266       -0.31022169316119264       0.27128908427830717       -1.0900022704179646     
   3177778.14416438630624568114670103189        -517918.320843575931249353423435621817         869760.484714301035265799844631295868       -0.32860181984492903        4.4453490169214325        1.4629165824517472     
  -593771.135919589535167730333098390389         205223.814151331517721957312105907066        -263601.984874893022241384251680429425        -2.6347629973448186      -0.77463724045816718        3.3310894467739725     
   4.35029914753637984511664554831966711E-0003  -1.70643306973787344882689809288933702        -4.19552890969215568230023916411833194E-0006   5.0243842146301262E-004 -0.19612740401384698       -9.6447908815451511E-007
  0.564555966789247871620441646123289559         170.643438060661833427511524519104569        -4.19568488542740458733528914884621015E-0006  -5.0339041109627461E-002   19.612770536321595       -9.6453530666004915E-007
