          12
   5.5000000000000000     
  -268580.777443849762387867361607129975         661722.075462629316090249573800718989         1298801.59556315734858747278079871287       -0.98535341907901763       -5.0896140693937406        1.5018296023448889     
  -668593.646697201893563696716848987428         529952.861470839063844864339630769124        -705660.255945378178440601001364385026         4.0068478625392325       0.91773081673873036       -4.6950951719263685     
   833187.464465534165027126936031720589        -1776719.49848760211719669374202945624         1512450.90574818553818525016796403548         2.8096919094054016       -1.3135977283789211       -4.6704276148587658     
  -1353238.29940104199977656369291434398        -885639.793070046479089565496789493461        -2125501.16188112986331570654074951675         3.4893089144090377        1.8807654619893377       -4.1797419982229806     
  -367991.495616786797430306470979566311         220550.098057579223563932401264153772        -462250.461313413416965724276747051769        -1.3592379358908027        3.1247977346418963        1.1064288064634769     
  -715558.433330111805489691406689800627         369971.046039739716905844737482311765        -390282.069750633782580950329466062942        -3.4570595217485574       -1.5083403792505863        2.9921617540132135     
   147162.489876638057155029579714522460         1179417.18271937887678347032793801938         517711.890720562579275082418228670618        -1.2306115561063637       -1.9537419880265334        4.2408400834740458     
  -190403.792815566359204887508793646600         13452.2807307753006064970831140437109        -251413.602240523790891649072165581196       -0.31022132685907805       0.27128877251941558       -1.0900020784251496     
   3177779.19569018018756659351743698569        -517932.545960426948302274758884067278         869755.803381232629731568617992287740       -0.32860180133090222        4.4453490149642070        1.4629165853017057     
  -593762.704677793406393950349508870119         205226.292991133664396249960959472945        -263612.644362058894196656307906678758        -2.6347631252387664      -0.77463763588285872        3.3310900318975230     
   2.74195142785823852977621778448380496E-0003  -1.07882288879807626070031489895484356        -1.67678356645776065579049449552281790E-0006   5.0277668504643551E-004 -0.19612921768429656       -6.0973535568887992E-007
  0.725639351211488320419909850422790498         107.882341269498530783588208237233630        -1.67681984972678169087692208471009110E-0006  -5.0337852233065528E-002   19.612940819235625       -6.0975669520268440E-007
