          12
   2.6000000000000001     
  -268577.919918921970346498060561168938         661736.835343427505147210296865267790         1298797.24025721478510675276074604064       -0.98535342767410516       -5.0896140672882551        1.5018296683885319     
  -668605.266555879307260131738099850857         529950.200051096042274600454030641927        -705646.640168842313422530075905925129         4.0068477770540403       0.91773107500383833       -4.6950955424677554     
   833179.316358987871762486556725946258        -1776715.68905416311948474780285645016         1512464.44998824992888097155374627078         2.8096919156244184       -1.3135977467918982       -4.6704276019623832     
  -1353248.41839687397754809045913315654        -885645.247289861943900587484546083085        -2125489.04062929619526850234523251969         3.4893089007480094        1.8807654452277496       -4.1797420249963508     
  -367987.553827289986235302659545176594         220541.036144137995967421704834876540        -462253.669956438126712801204715175297        -1.3592375791491038        3.1247977420634192        1.1064284519536545     
  -715548.407856736355195535786988259045         369975.420226331996403837356623967033        -390290.747019642326952670389195176869        -3.4570600475252879       -1.5083400292186409        2.9921617001597589     
   147166.058650096095930508053317709018         1179422.84857105712830691366943547402         517699.592284291737440532413239147032        -1.2306115184031023       -1.9537419280089745        4.2408401033133627     
  -190402.893174199815052902268197598812         13451.4939937446666934461798753597246        -251410.441234748665432460615065668457       -0.31022099489508076       0.27128848998650740       -1.0900019044177978     
   3177780.14863537971863112587857236310        -517945.437472567772482396282196503971         869751.560923131509794471383778535723       -0.32860178455259537        4.4453490131903877        1.4629165878844539     
  -593755.063864562133703152814190318083         205228.539440797333362784274357615276        -263622.304523920295571717083982221648        -2.6347632411587427      -0.77463799423314084        3.3310905621736433     
   1.28349787496533037950852823572134298E-0003 -0.510042359080488538845138402066936578        -3.74715297096057847959968928920725586E-0007   5.0303010598034333E-004 -0.19613448250824037       -2.8824161484783183E-007
  0.871613226522597571091369519913349961         51.0042476156233627604397184995832504        -3.74718124186095423965916267040541185E-0007  -5.0331461291642066E-002   19.613457256652644       -2.8824561140603310E-007
