          12
   12.300000000000001     
  -268587.477847030975555780916291803702         661687.466086940659821572594534444559         1298811.80800392676569926385388153997       -0.98535339892480600       -5.0896140743280673        1.5018294474835938     
  -668566.400131055249390939986819937197         529959.102038334108794081548504673052        -705692.182589593441501112135449957875         4.0068480629312644       0.91773021123520504       -4.6950943031754857     
   833206.570370468540116148461471823367        -1776728.43095200829697524255307294885         1512419.14684030168457484026023340817         2.8096918948224703       -1.3135976852032749       -4.6704276450980595     
  -1353214.57210031510921887205334268597        -885627.003864771322728712912575321804        -2125529.58412650433048074206654476369         3.4893089464409264        1.8807655012918156       -4.1797419354437650     
  -368000.738437594806483341663416730680         220571.346682115414317241529618129892        -462242.937594703373782388409612975645        -1.3592387723345212        3.1247977171603769        1.1064296376482645     
  -715581.941330667850039491700853133719         369960.789322370176162504931127728022        -390261.723050276878543229445162054946        -3.4570582888405870       -1.5083412000294387        2.9921618803947303     
   147154.121717755950021789999038190890         1179403.89727338181308966323368458982         517740.728432972031544517724221954309        -1.2306116445131889       -1.9537421287567667        4.2408400369527319     
  -190405.902323235528996858112460444102         13454.1254966808881605555476973501423        -251421.014256044205842385710625297428       -0.31022210524732557       0.27128943500510383       -1.0900024863906981     
   3177776.96119779737353484951913051834        -517902.317587111050872789526078321369         869765.751213992090334149387964579559       -0.32860184067325099        4.4453490191232001        1.4629165792455068     
  -593780.621066121024271812868233766409         205221.025458066610176191560399594481        -263589.992954069494917081858398333334        -2.6347628534863907      -0.77463679560076426        3.3310887885209164     
   6.15837999771964292517649822156222683E-0003  -2.41248978154618999450789496030722603        -8.38599484754197051778356214664031285E-0006   5.0205046418135793E-004 -0.19612642331343880       -1.3635557775948710E-006
  0.383334260633209450089145878259877520         241.249240172664789622070102836914884        -8.38645305428141583828727715980953845E-0006  -5.0339636858978951E-002   19.612684935950568       -1.3636709389232373E-006
