          12
   9.3000000000000007     
  -268584.521786820863722328098927016878         661702.734929160379532467970431497432         1298807.30251548183306719995433464740       -0.98535340781640612       -5.0896140721516199        1.5018295158048121     
  -668578.420675111449143298513742017469         529956.348847299729697207285733506765        -705678.097306109040683712351205159009         4.0068479745326915       0.91773047835466215       -4.6950946864298260     
   833198.141294774422102486579611024837        -1776724.49015892411490343879704179022         1512433.15812321696762048720830140524         2.8096919012561865       -1.3135977042514217       -4.6704276317572813     
  -1353225.04002713323470401647063976466        -885632.646161249189363564673638240545        -2125517.04490065645402257789031708056         3.4893089323093571        1.8807654839525827       -4.1797419631405264     
  -367996.660721831314148453322965259813         220561.972288952338558313580607617144        -462246.256883066295894156470386304770        -1.3592384033245768        3.1247977248865211        1.1064292709628551     
  -715571.570154985416212954668635504189         369965.314345427097328775047913040915        -390270.699535834393707922144178823475        -3.4570588327795919       -1.5083408379186540        2.9921618246201294     
   147157.813552630985341317002568217721         1179409.75849967495328244114216609271         517728.005912830386681128183590239174        -1.2306116055103198       -1.9537420666700018        4.2408400574771070     
  -190404.971657434893584280000133901478         13453.3116288142807695338205725699150        -251417.744248854994022079747673092946       -0.31022176184249028       0.27128914273291715       -1.0900023064148308     
   3177777.94700329335787322806473886846        -517915.653634165668299799640816871697         869761.362464250346002404490897141854       -0.32860182331631305        4.4453490172884029        1.4629165819173764     
  -593772.716777380748612670914310385257         205223.349369009485583334476133110501        -263599.986221257870769343153449781876        -2.6347629733667768      -0.77463716631560642        3.3310893370643253     
   4.65174288057913135183054492705068128E-0003  -1.82410944802618828078713542062416764        -4.79417043257575649225630815594711896E-0006   5.0237399737096248E-004 -0.19612719448008711       -1.0309926057242582E-006
  0.534352504517530331294575610123764875         182.411094593938414881728604655108938        -4.79436262326348653148214383445911752E-0006  -5.0339163995334120E-002   19.612751661222255       -1.0310572003054082E-006
