          12
   13.100000000000001     
  -268588.266129749166960208248827735030         661683.394395680965255438585881364614         1298813.00946747746497297736067988446       -0.98535339655370258       -5.0896140749083303        1.5018294292645866     
  -668563.194652595476155240105664567757         529959.836222474605649803750667681257        -705695.938664995103226156057951712298         4.0068480865016376       0.91773014000720299       -4.6950942009791579     
   833208.818123983711823831801446260698        -1776729.48183015442778722789013423613         1512415.41049818418311616966820398744         2.8096918931067933       -1.3135976801237512       -4.6704276486555765     
  -1353211.78065315644912302124047709380        -885625.499252368439765772481220285096        -2125532.92792004973116970224511490527         3.4893089502093044        1.8807655059155863       -4.1797419280579478     
  -368001.825828652034235292061503663772         220573.846520288317139583443848849232        -462242.052450954143424717455584938031        -1.3592388707346814        3.1247977150964168        1.1064297354273702     
  -715584.706977240901456692484527977197         369959.582649371527215667567745072127        -390259.329320766611676362737304302174        -3.4570581437877812       -1.5083412965929717        2.9921618952727695     
   147153.137228436179177747009649834799         1179402.33427967218509688550054370646         517744.121104999404439878021855214725        -1.2306116549139161       -1.9537421453132100        4.2408400314794941     
  -190406.150500956356533554492127535707         13454.3425282600678532941769344200007        -251421.886258052514941335600362481977       -0.31022219682148300       0.27128951294411052       -1.0900025343818802     
   3177776.69831632298352513362783844361        -517898.761307895556602560123149459041         869766.921547255201739491315415797557       -0.32860184530177311        4.4453490196124656        1.4629165785330036     
  -593782.728876391027172922488785999946         205220.405748669672694381463373680662        -263587.328083097188973362531294597484        -2.6347628215210519      -0.77463669674289881        3.3310886422440324     
   6.55998577713443825154635696828009372E-0003  -2.56939085755262827887382415248396228        -9.51231241230431811118296191556395389E-0006   5.0196397533976275E-004 -0.19612626935953653       -1.4522380470823887E-006
  0.343062508910142968670967458799658800         256.939382965410274023421166589287168        -9.51286905053317256402228085985332879E-0006  -5.0339741541333333E-002   19.612672311601305       -1.4523691357947003E-006
