          12
   3.3000000000000003     
  -268578.609666320616085458037464173127         661733.272613580225466315496429814428         1298798.29153797707753309341460745693       -0.98535342559943373       -5.0896140677965382        1.5018296524469708     
  -668602.461762428146900080149772627131         529950.842462826725256868679730937188        -705649.926735690735546462125649114184         4.0068477976897041       0.91773101266203194       -4.6950954530242832     
   833181.283143328283459904750607449870        -1776716.60857258431823818064648756723         1512461.18068892746568603705770161838         2.8096919141232863       -1.3135977423473955       -4.6704276050753135     
  -1353245.97588064229981163028859736382        -885643.930754048868405283825577800651        -2125491.96644871143082855270423081605         3.4893089040455192        1.8807654492736634       -4.1797420185338190     
  -367988.505293625529619470043152240633         220543.223502556814087964031090294260        -462252.895456491808467182234448911183        -1.3592376652604310        3.1247977402738698        1.1064285375268499     
  -715550.827798725204301309749110870965         369974.364388281971819891182917672275        -390288.652506447666376776032270967664        -3.4570599206148831       -1.5083401137087766        2.9921617131564293     
   147165.197222030028475973815194066664         1179421.48095170245157007114511493748         517702.560872362380728034439436591170        -1.2306115275039082       -1.9537419424959857        4.2408400985245969     
  -190403.110328924286934939547055734022         13451.6838957115264557788587712616741        -251411.204236096458979462933414072971       -0.31022107502455698       0.27128855818422898       -1.0900019464207793     
   3177779.91861412911433766683745594225        -517942.325728258389350384056637466283         869752.584964742810715611010530245962       -0.32860178860252898        4.4453490136185581        1.4629165872610341     
  -593756.908198821151042036782241595489         205227.997194231644471937317519838461        -263619.972760571573476708714389715733        -2.6347632131766585      -0.77463790773508756        3.3310904341752714     
   1.63560454278020691107212516990365714E-0003 -0.647335703604241598316942907231918980        -6.03645349363904974574419525926618138E-0007   5.0298508100599473E-004 -0.19613238083990858       -3.6584418198846715E-007
  0.836379963345149237378831422184966016         64.7335892207055444702579194427016773        -6.03651957905269131777068025596078524E-0007  -5.0334618533893011E-002   19.613249514467764       -3.6585112150627583E-007
