          12
   2.1000000000000001     
  -268577.427242207762817308078912015286         661739.380150461058505010434327431338         1298796.48934237774413419240493450254       -0.98535342915601143       -5.0896140669251722        1.5018296797753581     
  -668607.269979764149230668734413818250         529949.741185547407726257932575331111        -705644.292621055107291809559422190957         4.0068477623137699       0.91773111953446074       -4.6950956063569009     
   833177.911513029791494577360744244771        -1776715.03225528892987524828411816094         1512466.78520205035419065412727324115         2.8096919166966523       -1.3135977499665394       -4.6704275997388551     
  -1353250.16305132376270991096667284378        -885646.187672583835289693657000231776        -2125486.95075828254307065147132860260         3.4893088983926370        1.8807654423378064       -4.1797420296124415     
  -367986.874208515788811938401203782687         220539.473745266644850541492006712464        -462254.223170648822456372970951532531        -1.3592375176405214        3.1247977433409475        1.1064283908292192     
  -715546.679326689930081438512088354313         369976.174396331518228012127380566206        -390292.243100490086202602538767436601        -3.4570601381751027       -1.5083399688686741        2.9921616908773729     
   147166.673955853672336176083401682026         1179423.82544201854582674780513862354         517697.471864239225626219612075296068        -1.2306115119025189       -1.9537419176611044        4.2408401067338932     
  -190402.738063716676367321500862317419         13451.3583495118516146153626739101479        -251409.896233803957167249190363111915       -0.31022093765964887       0.27128844127380131       -1.0900018744151978     
   3177780.31293627127172660253896785396        -517947.660147074291216279735561300849         869750.829464837456242827174457410378       -0.32860178165978671        4.4453490128845488        1.4629165883297528     
  -593753.746482936557413636159408199007         205228.926759809895989719610853718722        -263623.970069224239303231446251984944        -2.6347632611464915      -0.77463805601735103        3.3310906536013198     
   1.03197923304893985382672816353277767E-0003 -0.411974572095953383513849965780195816        -2.44452143762845192360143869551968512E-0007   5.0303948896155955E-004 -0.19613683101187637       -2.3281096441040888E-007
  0.896777948246890897933273137376808393         41.1974648472283317135467228808920481        -2.44453393755748934490970537253100811E-0007  -5.0326928330912818E-002   19.613690375125167       -2.3281334357608408E-007
