          12
   13.700000000000001     
  -268588.857341786565682384333580978716         661680.340627235889708649494433956332         1298813.91056513092444679589865241817       -0.98535339477537220       -5.0896140753434933        1.5018294156003269     
  -668560.790543738272023651602604665761         529960.386860542583944563336389999009        -705698.755721492696888878836114500315         4.0068481041787045       0.91773008658726607       -4.6950941243332478     
   833210.503939119189870176698242687536        -1776730.26998876135914337056759260127         1512412.60824159418933226121384283402         2.8096918918200307       -1.3135976763141035       -4.6704276513237080     
  -1353209.68706778547565943266739463265        -885624.370793063850068263056780626409        -2125535.43576520490412784260003675739         3.4893089530355765        1.8807655093834066       -4.1797419225185823     
  -368002.641371996614902642979694213919         220575.721398916910337399165387139977        -462241.388593090886964857731261657770        -1.3592389445341131        3.1247977135474359        1.1064298087606859     
  -715586.781212094537072686301071300389         369958.677644571844591406231117503020        -390257.534023626100115055906902838944        -3.4570580349975137       -1.5083413690158032        2.9921619064326284     
   147152.398861440890667463718965990428         1179401.16203438127197386851574556497         517746.665609017060651025823880821959        -1.2306116627144517       -1.9537421577305345        4.2408400273745457     
  -190406.336634295053575571221582407600         13454.5053019853705787683890854333764        -251422.540259583941915719065562928585       -0.31022226550197235       0.27128957139829846       -1.0900025703746083     
   3177776.50115521476104356415372242925        -517896.094098483679040673617333112570         869767.799297202161227705530799347811       -0.32860184877316612        4.4453490199794112        1.4629165779986251     
  -593784.309734076747798549690271485730         205219.940966673870015732364380234275        -263585.329429944754757599675309975846        -2.6347627975478125      -0.77463662259934141        3.3310885325367448     
   6.86114469408160037764646960178893664E-0003  -2.68706658705604473297637313500274558        -1.04036086628695400696829553493888134E-0005   5.0189907724097608E-004 -0.19612616359008619       -1.5187494057356836E-006
  0.312858641264386165911507223236220909         268.706983764624923433084191515263228        -1.04042477114176596024365637505531423E-0005  -5.0339816883631809E-002   19.612663812937754       -1.5188931144133059E-006
