          12
   1.7000000000000002     
  -268577.033100835863308031212920434779         661741.415996087770477566223359389167         1298795.88861050401209926018208928874       -0.98535343034153522       -5.0896140666346907        1.5018296888848173     
  -668608.872718866716243187819368465291         529949.374093092468964635347733471704        -705642.414582802342170657393660704271         4.0068477505212492       0.91773115515941550       -4.6950956574687925     
   833176.787636262941276876294871556212        -1776714.50681618843531741688407388216         1512468.65337308989396757722689645930         2.8096919175544373       -1.3135977525062501       -4.6704275979600309     
  -1353251.55877488274290397880228464796        -885646.939978760308020652261273841811        -2125485.27886146995951998929230697398         3.4893088965083341        1.8807654400258489       -4.1797420333053124     
  -367986.330513518574027040891061268722         220538.223826169104140974318584156311        -462254.665741995374160240471067551150        -1.3592374684333601        3.1247977443625370        1.1064283419292362     
  -715545.296502620156118888744556372243         369976.777732309409716140971013942370        -390293.439965164952066833462529515929        -3.4570602106946695       -1.5083399205887786        2.9921616834520339     
   147167.166200457393249535662516080937         1179424.60693878395460854389686922170         517695.775528195984785301200781226767        -1.2306115067020476       -1.9537419093828048        4.2408401094703114     
  -190402.613975350770186289428576031935         13451.2498341431361319864208475616247        -251409.460233058991552276686676226085       -0.31022089187124829       0.27128840230360773       -1.0900018504128357     
   3177780.44437698347279199725425036224        -517949.438286679396100892709409180252         869750.244298202053094127773058552534       -0.32860177934554047        4.4453490126398751        1.4629165886859912     
  -593752.692577628900721699690690158519         205229.236615042188392066271895863837        -263625.302505500308286470009244695229        -2.6347632771370177      -0.77463810544465073        3.3310907267436218     
   8.30767150030381106766506210670186761E-0004 -0.333519306752112837475415796362199217        -1.60196687147595195589186595993703080E-0007   5.0301336608039144E-004 -0.19613969599156034       -1.8846629685806185E-007
  0.916907472919575534427020016559062299         33.3519356803717800519226699407226988        -1.60197194692903380436239940592426332E-0007  -5.0319939025984479E-002   19.613975487581030       -1.8846767303682523E-007
