          12
   7.3000000000000007     
  -268582.551079999303204337488676367581         661712.914157303231455590306619996025         1298804.29885640467600898960431887738       -0.98535341374410756       -5.0896140707002502        1.5018295613522394     
  -668586.434371001574787448606396189582         529954.513386164929749105371309392254        -705668.707116480664374440255892650909         4.0068479155918215       0.91773065644697627       -4.6950949419486037     
   833192.521910967620638388067000335042        -1776721.86296350291334680334826012773         1512442.49897847158826601857983806809         2.8096919055452689       -1.3135977169501272       -4.6704276228633539     
  -1353232.01864498843226213393442503015        -885636.407692205534967646676502983662        -2125508.68541671170849865780683174419         3.4893089228881835        1.8807654723930096       -4.1797419816049928     
  -367993.942245270678727112572681257061         220555.722693497425174672709191625575        -462248.469741363754202743861360103162        -1.3592381573097518        3.1247977300252585        1.1064290264938441     
  -715564.656036957237880745424929429558         369968.331026861529322238810735257183        -390276.683859446464620989795113459297        -3.4570591953976857       -1.5083405965136281        2.9921617874528943     
   147160.274775816003960666920047373187         1179413.66598376690203154091851622818         517719.524232701749752577549679166664        -1.2306115795082824       -1.9537420252787352        4.2408400711597913     
  -190404.351214140146486889748622672880         13452.7690507236637524203422128232783        -251415.564244362155063563926404857078       -0.31022153290440313       0.27128894788399344       -1.0900021864230829     
   3177778.60420692841922193324667722511        -517924.544332199021866864281360420800         869758.436631084730016129014651404772       -0.32860181174503811        4.4453490160651574        1.4629165836986078     
  -593767.447251354086918663889305136678         205224.898643589258387667798033682219        -263606.648400297698898599826344835146        -2.6347630532961297      -0.77463741345694592        3.3310897027643995     
   3.64678052272434797046168214462724677E-0003  -1.43185430030234724660745393443050943        -2.95389754606286414536167318366591170E-0006   5.0258795653908912E-004 -0.19612801370514246       -8.0927973560359186E-007
  0.635030384463464954962344868882873072         143.185522322714694182232975094848371        -2.95398728712452916010408131643506841E-0006  -5.0338675520084503E-002   19.612826656141547       -8.0931866418915312E-007
