          12
   9.7000000000000011     
  -268584.915928183753176527934908301983         661700.699083531460835442359336155985         1298807.90324728633309447765886712752       -0.98535340663086279       -5.0896140724418544        1.5018295066953218     
  -668576.817935919278584752045158090489         529956.715939483948099685876181874633        -705679.975343973392152678624222872329         4.0068479863200501       0.91773044273741622       -4.6950946353275951     
   833199.265171534753013870635562909712        -1776725.01559800530752330557510143541         1512431.28995216390895072559319434191         2.8096919003983647       -1.3135977017116749       -4.6704276335360593     
  -1353223.64430355993411530075298809802        -885631.893855055145948365160901705219        -2125518.71679744097165553907702317814         3.4893089341935801        1.8807654862644891       -4.1797419594476306     
  -367997.204417202484424063118617631572         220563.222208042087400285168330427144        -462245.814311348132210184478790848695        -1.3592384525267551        3.1247977238576192        1.1064293198554986     
  -715572.952978504023183735388569104456         369964.711009082273626255545906360575        -390269.502671103058678680545190431405        -3.4570587602552134       -1.5083408861998671        2.9921618320550962     
   147157.321307987741133764434398045741         1179408.97700284662963196911644736540         517729.702248852830213726652908157162        -1.2306116107107150       -1.9537420749482464        4.2408400547405476     
  -190405.095746148788076253338674703753         13453.4201444791678789557250045527677        -251418.180249782359482654672533374900       -0.31022180762996088       0.27128918170262517       -1.0900023304124282     
   3177777.81556256356849657454012592059        -517913.875494558704008058398482461353         869761.947630883041703976288894217773       -0.32860182563056967        4.4453490175330481        1.4629165815611289     
  -593773.770682566898315081872494758415         205223.039514152845028310837016682898        -263598.653785537672959973051201032486        -2.6347629573817795      -0.77463711688715742        3.3310892639247394     
   4.85268387665944840684293173915797581E-0003  -1.90256030016034286206708103783569186        -5.21543591552520310332466103723722448E-0006   5.0233097443940454E-004 -0.19612706777643871       -1.0753347872156395E-006
  0.514216823835422826716049296558175286         190.256192969742906756502875964542909        -5.21565511664995062062405210757572211E-0006  -5.0339238554639842E-002   19.612740376375541       -1.0754052877305457E-006
