          12
   12.000000000000000     
  -268587.182241011164738828029957540263         661688.992971162925603593272239066917         1298811.35745509149580120687728079795       -0.98535339981396874       -5.0896140741104547        1.5018294543157200     
  -668567.602185472802901330335312302061         529958.826719266731599763445986761568        -705690.774061296740237163348519189255         4.0068480540920950       0.91773023794612407       -4.6950943414996331     
   833205.727462899996866596077360611645        -1776728.03687270245026885226030666223         1512420.54796859501388538819244278244         2.8096918954658472       -1.3135976871080943       -4.6704276437639880     
  -1353215.61889299882952735316343773061        -885627.568094421450187283631205748004        -2125528.33020392328189618070810595894         3.4893089450277803        1.8807654995578988       -4.1797419382134455     
  -368000.330665968641171967817293797507         220570.409242800150158162796332206302        -462243.269523589168133452407677408425        -1.3592387354341906        3.1247977179339657        1.1064296009807013     
  -715580.904213173038676375242728155993         369961.241824724753306222160276206531        -390262.620698840160145981007522308902        -3.4570583432351274       -1.5083411638181854        2.9921618748159879     
   147154.490901248718937861690303492414         1179404.48339601950882072121662424999         517739.456180960637853144459818999208        -1.2306116406129122       -1.9537421225480973        4.2408400390051888     
  -190405.809256609105852214269827271676         13454.0441098547707019304682379834399        -251420.687255300988171424627914962706       -0.31022207090696596       0.27128940577794997       -1.0900024683937464     
   3177777.05977834931515609814302314437        -517903.651191816760314796048714214276         869765.312339018276602843272038434420       -0.32860183893755585        4.4453490189397256        1.4629165795126950     
  -593779.830637263180261522056424539102         205221.257849110851152477100201032544        -263590.992280714279289135323347537105        -2.6347628654736930      -0.77463683267240169        3.3310888433748951     
   6.00775999552334557732421668752031962E-0003  -2.35365184530388146669568905089420241        -7.98191651032197509217686465959548568E-0006   5.0208288223268041E-004 -0.19612648539487720       -1.3302997916052184E-006
  0.398436145595759218593226794191686224         235.365433922922943216216040696053824        -7.98234102843670342002580272261456957E-0006  -5.0339596067747447E-002   19.612690104954346       -1.3304092452076677E-006
