          12
   7.4000000000000004     
  -268582.649615340662795526158884706898         661712.405195896157803473556224815892         1298804.44903936069736388601858489985       -0.98535341344772309       -5.0896140707728268        1.5018295590748689     
  -668586.033686209868246360598642574708         529954.605159230129203378804186863604        -705669.176625974220420760328886799995         4.0068479185390267       0.91773064754211964       -4.6950949291723623     
   833192.802880158164441648040998700282        -1776721.99432327457661237099101336758         1512442.03193570927969740328722370037         2.8096919053308160       -1.3135977163151931       -4.6704276233080515     
  -1353231.66971409611989201166870611100        -885636.219615658266768312237016136403        -2125509.10339090982283532805796610886         3.4893089233592449        1.8807654729709899       -4.1797419806817704     
  -367994.078169087024746800556607162489         220556.035173270414864158716072850542        -462248.359098460493634523303246863813        -1.3592381696106486        3.1247977297685505        1.1064290387175240     
  -715565.001742875871110492774773703698         369968.180192801274449484996154069457        -390276.384643267626429807352073098047        -3.4570591772669315       -1.5083406085838382        2.9921617893109551     
   147160.151714657988127633767572177693         1179413.47060956427068043382289097574         517719.948316708831523652514783329066        -1.2306115808083866       -1.9537420273483004        4.2408400704756612     
  -190404.382236294009273790928116198995         13452.7961796189392747510800291133033        -251415.673244581097358399248975491240       -0.31022154435133653       0.27128895762645483       -1.0900021924228191     
   3177778.57134674721579007635775815363        -517924.099797297412294544922684025305         869758.582922743095423324600212744385       -0.32860181232360147        4.4453490161263209        1.4629165836095466     
  -593767.710727659216698539158540981504         205224.821179848530544878607018155480        -263606.315291328336714229237935924739        -2.6347630492994893      -0.77463740109991475        3.3310896844793110     
   3.69703878695231293022684451732295940E-0003  -1.45146709913233878811236743366919200        -3.03537980575111949725983071598026018E-0006   5.0257732636112078E-004 -0.19612796310856442       -8.2036545679855478E-007
  0.629996515342809434821616867972160492         145.146804751595535215580312637939642        -3.03547349605171823079853949332827851E-0006  -5.0338706727026873E-002   19.612821942862880       -8.2040551567703736E-007
