          12
   1.9000000000000001     
  -268577.230171521872338843892752402450         661740.398073274429015392470443401888         1298796.18897644133358970507108320910       -0.98535342974877338       -5.0896140667799328        1.5018296843300878     
  -668608.071349316022363026223440662882         529949.557639321719593200103043395544        -705643.353601931280325802774422427844         4.0068477564175433       0.91773113734688738       -4.6950956319127828     
   833177.349574646409274946781131632207        -1776714.76953573880958186578388202639         1512467.71928757021302030342513322836         2.8096919171255452       -1.3135977512363950       -4.6704275988494430     
  -1353250.86091310334702213608870646762        -885646.563825672187253037573040348486        -2125486.11480987643593887083115490098         3.4893088974504862        1.8807654411818280       -4.1797420314588782     
  -367986.602361014721061447346195372175         220538.848785717925575259644732639675        -462254.444456324543307461248237144625        -1.3592374930369735        3.1247977438517904        1.1064283663792760     
  -715545.987914658669078459024559535377         369976.476064322877966830640517059700        -390292.841532827890401624107985512057        -3.4570601744349174       -1.5083399447287178        2.9921616871646401     
   147166.920078155792816427991365202378         1179424.21619040166413264534850391394         517696.623696217742026676114641681166        -1.2306115093022838       -1.9537419135219551        4.2408401081021037     
  -190402.676019531433856780378022222078         13451.3040918255453636226322139401996        -251409.678233430274241646942556815951       -0.31022091476545466       0.27128842178870771       -1.0900018624140482     
   3177780.37865662748797161809601041757        -517948.549216876855892272508707918614         869750.536881519772480382202695103856       -0.32860178050266353        4.4453490127622128        1.4629165885078721     
  -593753.219530283528593974197162808111         205229.081687423570825912225168430313        -263624.636287358616679767738810724604        -2.6347632691417182      -0.77463808073100848        3.3310906901724531     
   9.31371925803041072523553306483634628E-0004 -0.372747081882651056048555426869484108        -2.00107182077603010600584144099429098E-0007   5.0303207651569042E-004 -0.19613811361473615       -2.1063864699006992E-007
  0.906843056007735732337729853136387703         37.2747144403862235295665783496588119        -2.00108010697297228275277092076484495E-0007  -5.0323998579001356E-002   19.613817942654844       -2.1064049233244375E-007
