          12
   4.4000000000000004     
  -268579.693555086982351243127947748587         661727.674038105210007824161788647669         1298799.94355058099113314627748305704       -0.98535342233922985       -5.0896140685951883        1.5018296273959360     
  -668598.054229832853850942153139946761         529951.851966886773458958507371230340        -705655.091340611758921112827147581426         4.0068478301154959       0.91773091469884693       -4.6950953124734012     
   833184.373804432521662632429304551380        -1776718.05353009705904814904547928114         1512456.04321855919238381341929144952         2.8096919117643515       -1.3135977353631654       -4.6704276099670494     
  -1353242.13764084499976069304316705907        -885641.861912051170557432880070525295        -2125496.56416492623255381789748597042         3.4893089092272946        1.8807654556315108       -4.1797420083784056     
  -367990.000455131740172990367221395045         220546.660780069567619236280409111817        -462251.678385026570288603040975727888        -1.3592378005766084        3.1247977374593381        1.1064286719966241     
  -715554.630564528193135741290786810990         369972.705214083868360216946769014620        -390285.361128551960093912635008095423        -3.4570597211826781       -1.5083402464794191        2.9921617335829054     
   147163.843549341908490647632401504542         1179419.33183555318507704566255434040         517707.225796466618903862647038671681        -1.2306115418051509       -1.9537419652612704        4.2408400909993498     
  -190403.451572176068576681373656356311         13451.9823131844713549130827662247962        -251412.403238273823733927994361625473       -0.31022120094200256       0.27128866535191892       -1.0900020124239127     
   3177779.55715215815125469880388087138        -517937.435844343038878318459250493770         869754.194172988259039276326967104991       -0.32860179496671343        4.4453490142913870        1.4629165862813716     
  -593759.806438331461638881582087989870         205227.145092607895071074045056924705        -263616.308561204607455043898989188729        -2.6347631692066114      -0.77463777180920157        3.3310902330358569     
   2.18883587538833398263189711219212086E-0003 -0.863080138980739592583640851231052693        -1.07314438514335379376911651253510747E-0006   5.0288684500280744E-004 -0.19613041340874818       -4.8779026359920080E-007
  0.781010488427568015315375152263221992         86.3080474274696138048401650166852050        -1.07316187099078901478312241987676851E-0006  -5.0336831613845799E-002   19.613056581515139       -4.8780342661020164E-007
