          12
   8.4000000000000004     
  -268583.634968752628595131590888422931         661707.315581825022112164667031919433         1298805.95086890838537887903070267023       -0.98535341048387493       -5.0896140714985432        1.5018295363011593     
  -668582.026838276593522033485750277698         529955.522889833147526144666722425214        -705673.871720839512188099039713406980         4.0068479480101402       0.91773055849494845       -4.6950948014117024     
   833195.612572062422990847943005121607        -1776723.30792098771713227242236010630         1512437.36150808374815945148983420409         2.8096919031862795       -1.3135977099658451       -4.6704276277550214     
  -1353228.18040517040534625010372860029        -885634.338850182405880070526660308185        -2125513.28313288588849061256924599659         3.4893089280698417        1.8807654787507837       -4.1797419714495394     
  -367995.437407318139566279007746096850         220559.159970998899411613091148254274        -462247.252669360658173851206659277247        -1.3592382926187170        3.1247977272001437        1.1064291609529953     
  -715568.458801962483966650790945251996         369966.671852132339477389724180511629        -390273.392481469024562711970238737524        -3.4570589959585174       -1.5083407292861779        2.9921618078933063     
   147158.921103070679224182513156193854         1179411.51686752657455845348377643243         517724.189156775886526867727632783540        -1.2306115938094158       -1.9537420480439409        4.2408400636343382     
  -190404.692457895595218808731940995938         13453.0674686252780057588081114028351        -251416.763246803518558591808151891904       -0.31022165882050251       0.27128905505098061       -1.0900022524193200     
   3177778.24274493199937090361952007886        -517919.654448280980159397486328742825         869760.045839326259662828078611518335       -0.32860181810923755        4.4453490167379472        1.4629165827189319     
  -593770.345490688533334401978391881045         205224.046542509215857913465463902002        -263602.984201735282675051849077263450        -2.6347630093340850      -0.77463727752939637        3.3310895016289166     
   4.19956279734558451613045046424410600E-0003  -1.64759483148394730031918720136729917        -3.91117371178350685114644293171812149E-0006   5.0247057209286210E-004 -0.19612751890232591       -9.3122221896981693E-007
  0.579657669099233725280720733175066073         164.759605350658865058344204612694739        -3.91131342119633279348383407037249899E-0006  -5.0338973517857856E-002   19.612780986031414       -9.3127446676483962E-007
