          12
   14.200000000000001     
  -268589.350018483582882705604927275896         661677.795820198127307624289539234067         1298814.66147983587788885960490059554       -0.98535339329342864       -5.0896140757061072        1.5018294042134410     
  -668558.787119682500047909090024056361         529960.845725574748571881137509942406        -705701.103268538895799848230661055438         4.0068481189091276       0.91773004207134889       -4.6950940604625284     
   833211.908785064831809219012548339862        -1776730.92678759872251775317059108152         1512410.27302776797161842174122003967         2.8096918907477249       -1.3135976731393937       -4.6704276535471472     
  -1353207.94241330836906599505986559247        -885623.430410308435903323867333103460        -2125537.52563616500938392396280463002         3.4893089553907961        1.8807655122732523       -4.1797419179024429     
  -368003.320991484256745077635053497998         220577.283797773361210518326958052161        -462240.835378171228988851302749152362        -1.3592390060331885        3.1247977122559574        1.1064298698711177     
  -715588.509741089371098242438717917961         369957.923473872248574559309375331403        -390256.037942670558645529913510685548        -3.4570579443385228       -1.5083414293682817        2.9921619157333814     
   147151.783555607908331656805689391367         1179400.18516329981976490158257497862         517748.786029029892723846076330040929        -1.2306116692148907       -1.9537421680783003        4.2408400239537443     
  -190406.491745442112979203841405251308         13454.6409467832476744605847557290086        -251423.085260876627613521452631051283       -0.31022232273562944       0.27128962011007768       -1.0900026003681176     
   3177776.33685428965125347002852740350        -517893.871423973612888153545963376682         869768.530755491049211182086886573429       -0.32860185166599443        4.4453490202851969        1.4629165775533088     
  -593785.627115470527385844946577364596         205219.553648378016941669646500123735        -263583.663885701342018110612253067866        -2.6347627775706131      -0.77463656081293930        3.3310884411142507     
   7.11208070874356116188898246921468171E-0003  -2.78512964799495053381042652951293803        -1.11768398510871206960495368871491275E-0005   5.0184497917896143E-004 -0.19612608094802517       -1.5741753130610749E-006
  0.287688717481540040884916212271527058         278.513314018455489101677713392746227        -1.11775534767714353775282536447365644E-0005  -5.0339878022709311E-002   19.612657280633396       -1.5743299797991691E-006
