          12
   15.600000000000001     
  -268590.729513231289069363692117997640         661670.670360491428089492280673056283         1298816.76404097945840337845202494557       -0.98535338914397830       -5.0896140767213183        1.5018293723301468     
  -668553.177532287156832754237423266325         529962.130547546399042898638415133306        -705707.676400098358961203480754775753         4.0068481601520540       0.91772991743015153       -4.6950938816287371     
   833215.842353709776897063368217288854        -1776732.76582433489523007505012097687         1512403.73442904864768165188737558679         2.8096918877452528       -1.3135976642501908       -4.6704276597727556     
  -1353203.05738076620573833270533281588        -885620.797338585589263478905774906759        -2125543.37727484102516400678029029335         3.4893089619853757        1.8807655203647975       -4.1797419049772380     
  -368005.223926213240245822704843625670         220581.658514567986564528833115517149        -462239.286376233634672287707151339143        -1.3592391782284194        3.1247977086366192        1.1064300409771164     
  -715593.349622033752298942727021469094         369955.811795752841818521430283794879        -390251.848915970300211041935645184241        -3.4570576904912458       -1.5083415983557957        2.9921619417797003     
   147150.060699258266641835277699357211         1179397.44992424422853583341752603539         517754.723205056723160949397333219209        -1.2306116874160860       -1.9537421970520199        4.2408400143754346     
  -190406.926056806120613165111965514609         13455.0207523468767583138456928049105        -251424.611264575929155776070900163426       -0.31022248298946176       0.27128975650284681       -1.0900026843478590     
   3177775.87681169164891498942794589841        -517887.647935344614279324300110118866         869770.578838698751021947175865456315       -0.32860185976591871        4.4453490211413822        1.4629165763064194     
  -593789.315783319972211131244632653676         205218.469157313980439322223525699927        -263579.000362062969526324259783578436        -2.6347627216368732      -0.77463638781051192        3.3310881851324567     
   7.81455761477342080058424919619675109E-0003  -3.05970601144530046167427372871827629        -1.34893194933870220185544031398125189E-0005   5.0169344538395476E-004 -0.19612587188417593       -1.7293667659455568E-006
  0.217212771717042708348325077971630037         305.971022618182429880784312103969569        -1.34902722571976746856484044549472778E-0005  -5.0340043218079014E-002   19.612641223575814       -1.7295542490735211E-006
