          12
  0.80000000000000004     
  -268576.146282747355584566349012698435         661745.996648747447571462607651682245         1298794.53696377479243839613010091946       -0.98535343300896028       -5.0896140659810607        1.5018297093810944     
  -668612.478881830245095260145116178258         529948.548135016754710549017476362011        -705638.188996658868825055709317339803         4.0068477239870806       0.91773123531704692       -4.6950957724724027     
   833174.258913536273778898757491617772        -1776713.32457820860823749017504136196         1512472.85675792625693274843501345827         2.8096919194844450       -1.3135977582205924       -4.6704275939576672     
  -1353254.69915288769254362417349124566        -885648.632667653990424785439838917280        -2125481.51709363624570764140786494066         3.4893088922686375        1.8807654348239355       -4.1797420416142677     
  -367985.107199846806585383745535899889         220535.411508198143984852733767709754        -462255.661527453598751764727720070548        -1.3592373577162888        3.1247977466597061        1.1064282319028627     
  -715542.185148357105175186160250788729         369978.135238189056311250393349610029        -390296.132910672541384222226090727747        -3.4570603738627677       -1.5083398119592686        2.9921616667468758     
   147168.273750808159610041390141788033         1179426.36530649401735116098000055738         517691.958772094690891601911908459484        -1.2306114950009721       -1.9537418907566204        4.2408401156272229     
  -190402.334776594446880297017976602103         13451.0056746205202383097261492617132        -251408.479231417922708727155367558475       -0.31022078884716808       0.27128831462057873       -1.0900017964066047     
   3177780.74011858254060483677284898438        -517953.439100790524256440690020752963         869748.927673271875010775278647123754       -0.32860177413848840        4.4453490120893564        1.4629165894875265     
  -593750.321290663286629120766191292120         205229.933789387133642251340170936645        -263628.300487228434308397503338383667        -2.6347633131167658      -0.77463821665585397        3.3310908913143242     
   3.78221764195732745557701481864398829E-0004 -0.156987865184160998392043362414938201        -3.54761614750609106406658497277301713E-0008   5.0237314670093869E-004 -0.19615652612175527       -8.8690316456570641E-008
  0.962174321938722408245484377098399875         15.6987876268251681788346019175151014        -3.54761185870412523277924585863451565E-0008  -5.0246068768588337E-002   19.615655383198398       -8.8690381777513818E-008
