          12
   12.600000000000001     
  -268587.773453050519623805301311358914         661685.939202718328756772734333679890         1298812.25855275998595944474123253806       -0.98535339803564270       -5.0896140745456719        1.5018294406514670     
  -668565.198076635044152490283120293618         529959.377357393472746912625043202994        -705693.591117878645563647787009031687         4.0068480717702810       0.91773018452451416       -4.6950942648516243     
   833207.413278036890352484324928639154        -1776728.82503131357223565897213157774         1512417.74571200795504299178306784057         2.8096918941790920       -1.3135976832984546       -4.6704276464321293     
  -1353213.52530763096496689951997449693        -885626.439635120675095350064875976438        -2125530.83804908454816118014152337422         3.4893089478540702        1.8807655030257309       -4.1797419326740846     
  -368001.146209232041871820500511525152         220572.284121430446367321575040776328        -462242.605665806579194935963944557168        -1.3592388092347041        3.1247977163865728        1.1064296743156103     
  -715582.978448146343019074827607184401         369960.336820004735636926964659210179        -390260.825401711923275049412884740706        -3.4570582344459035       -1.5083412362407314        2.9921618859737573     
   147153.752534262011022965397355477525         1179403.31115074225475808698537782968         517742.000684982809498096903433328449        -1.2306116484134637       -1.9537421349654343        4.2408400349002715     
  -190405.995389872254245238020198272022         13454.2068835157737631796821681229299        -251421.341256792822577750681489749944       -0.31022213958765754       0.27128946423224332       -1.0900025043875090     
   3177776.86261724491120499965814139007        -517900.983982405286387979355122723728         869766.190088965823908962949340128957       -0.32860184240894652        4.4453490193066774        1.4629165789783183     
  -593781.411494975272115961030250375103         205220.793067033490696213240966905277        -263588.993627441166726612472581692255        -2.6347628414992519      -0.77463675852909297        3.3310887336670176     
   6.30899027314787765887381387752697037E-0003  -2.47132769953850196320913057412838043        -8.80004996951897820885381690974799594E-0006   5.0201803728268564E-004 -0.19612636369815450       -1.3968116899853097E-006
  0.368232363569286717119724908209299485         247.133044909149021256533629298246524        -8.80054359888905587274515256655770030E-0006  -5.0339676760609457E-002   19.612680013562358       -1.3969327036228888E-006
