          12
   16.100000000000001     
  -268591.222189925490571149522406324547         661668.125553452976795302340473625716         1298817.51495566277675311338268837610       -0.98535338766202873       -5.0896140770838558        1.5018293609432514     
  -668551.174108203398585544784959999681         529962.589412493985714868775099839482        -705710.023947023206371324853813931056         4.0068481748808651       0.91772987291664210       -4.6950938177610357     
   833217.247199653381444294866220445812        -1776733.42262316622664533102421424706         1512401.39921521820544802287289432030         2.8096918866729355       -1.3135976610754698       -4.6704276619961798     
  -1353201.31272628462425171686767111364        -885619.856955824684407082661163901373        -2125545.46714579235974640082362796532         3.4893089643405699        1.8807655232546272       -4.1797419003610896     
  -368005.903545817728852105293335661427         220583.220913421981458339181658701012        -462238.733161197869054280405326506932        -1.3592392397259374        3.1247977073428559        1.1064301020852549     
  -715595.078150856332814820665033650497         369955.057624938575702896983443679354        -390250.352834997084453871399878366321        -3.4570575998307520       -1.5083416587086844        2.9921619510834603     
   147149.445393412933494682490742633253         1179396.47305314311558846805394473742         517756.843625063055666718417335836462        -1.2306116939165015       -1.9537422073997686        4.2408400109545861     
  -190407.081168061923688725989300962749         13455.1563972373060901761761126715906        -251425.156265925601106586553534771860       -0.31022254022282775       0.27128980521447399       -1.0900027143398792     
   3177775.71251076104274779184945265417        -517885.425260833967144208862531939967         869771.310296986792901819885437397729       -0.32860186265875030        4.4453490214471589        1.4629165758611002     
  -593790.633164675796760647131788957182         205218.081839135521869627046265271973        -263577.334817993258718506851545626541        -2.6347627016614013      -0.77463632602375121        3.3310880937108118     
   8.06539080393063812423823377706355586E-0003  -3.15776893028447038164543969607223062        -1.43678591674906607738774439231127224E-0005   5.0163931008165730E-004 -0.19612580400594054       -1.7847918963956020E-006
  0.192042735737437505512273730468031374         315.777341952654385132115422152310202        -1.43689087766301271818875676212486780E-0005  -5.0340100581763164E-002   19.612636167655765       -1.7849918613781058E-006
