          12
   13.800000000000001     
  -268588.955877126028399831590004476208         661679.831665828351734840537812232267         1298814.06074807237061008312328791455       -0.98535339447898362       -5.0896140754160175        1.5018294133229499     
  -668560.389858927706848631344338507127         529960.478633550797508913236116834256        -705699.225230904491501353380522587556         4.0068481071248225       0.91773007768403192       -4.6950941115590412     
   833210.784908308361149175760296259369        -1776730.40134852895880615061413587688         1512412.14119882903472862715477109674         2.8096918916055698       -1.3135976756791619       -4.6704276517683967     
  -1353209.33813689014855079601751253190        -885624.182716512882829798061490311791        -2125535.85373939710982315888232463406         3.4893089535066211        1.8807655099613760       -4.1797419215953537     
  -368002.777295891683305998314801321667         220576.033878688252167647220192137059        -462241.277950109399789736684266427980        -1.3592389568339609        3.1247977132891882        1.1064298209828205     
  -715587.126917897130234656771774481880         369958.526810434339487301782511963219        -390257.234807435363849125801172235116        -3.4570580168657470       -1.5083413810862902        2.9921619082927156     
   147152.275800274554218317788478742604         1179400.96666016539544341921730286069         517747.089693019763896114562862216231        -1.2306116640145399       -1.9537421598000879        4.2408400266903863     
  -190406.367656522176109595256843221034         13454.5324309429975264830377096325616        -251422.649259841279312971265291754002       -0.31022227694870991       0.27128958114065749       -1.0900025763733416     
   3177776.46829502985479878987042090518        -517895.649563581678043239715503176494         869767.945588859956636519288886155677       -0.32860184935173170        4.4453490200405685        1.4629165779095619     
  -593784.573210356302804848284138117293         205219.863503012227945485071445297352        -263584.996321092415310229736258307294        -2.6347627935523361      -0.77463661024206854        3.3310885142522282     
   6.91133406088428132920536972605418669E-0003  -2.70667920256801641321411922014306128        -1.05560378634022746181171824468408562E-0005   5.0188825871703925E-004 -0.19612614668202155       -1.5298346035560746E-006
  0.307824658958653287447885041339112888         270.668250078534020547360583464069350        -1.05566913906600529682102123917513547E-0005  -5.0339829221375275E-002   19.612662468511605       -1.5299804717467857E-006
