          12
   11.800000000000001     
  -268586.985170331142668262356526520659         661690.010893977733183105669478862890         1298811.05708920017718327331868177773       -0.98535340040674368       -5.0896140739653761        1.5018294588704699     
  -668568.403555083032032165745728313716         529958.643173217361636686598830303652        -705689.835042425885357046709822625941         4.0068480481992301       0.91773025575353007       -4.6950943670492231     
   833205.165524520860807444280204947546        -1776727.77415316490166299409209083029         1512421.48205412367774141217113825774         2.8096918958947645       -1.3135976883779736       -4.6704276428746061     
  -1353216.31675478774087111428492402606        -885627.944247521246171219824472320449        -2125527.49425553545456474014985204233         3.4893089440856815        1.8807654984019535       -4.1797419400598983     
  -368000.058818224014363971146601706151         220569.784283256511805119447489076368        -462243.490809506919758268992798333508        -1.3592387108338879        3.1247977184495705        1.1064295765355388     
  -715580.212801500765357419514556269772         369961.543492955102860533758146743829        -390263.219131214751439040225866605726        -3.4570583794980760       -1.5083411396773709        2.9921618710969846     
   147154.737023576581500870672503111782         1179404.87414444360452742464606679116         517738.608012952699988301544231639169        -1.2306116380127265       -1.9537421184089836        4.2408400403734907     
  -190405.747212197213817874813512887056         13453.9898519755635897469843303975163        -251420.469254808509226495197019790588       -0.31022204801337760       0.27128938629317267       -1.0900024563957000     
   3177777.12549871698695403662328351477        -517904.540261620536025006173996842999         869765.019755702356252314789153423603       -0.32860183778042590        4.4453490188174074        1.4629165796908203     
  -593779.303684689286363475692054336747         205221.412776479857073111415233235265        -263591.658498486611201674186810706142        -2.6347628734653186      -0.77463685738680776        3.3310888799442591     
   5.90734125834182484886909422772127698E-0003  -2.31442654396000902167554458266351958        -7.71807362127724396061820966196906267E-0006   5.0210448881743170E-004 -0.19612652824546908       -1.3081290933903030E-006
  0.408504062042815300521839474989782559         231.442895544718369477132924316720164        -7.71847662222410497623723852190329215E-0006  -5.0339568325943398E-002   19.612693697253587       -1.3082348221789528E-006
