          12
   14.100000000000001     
  -268589.251483144238720743222220699305         661678.304781605694290450656591673376         1298814.51129689534267644267229169238       -0.98535339358981755       -5.0896140756335866        1.5018294064908184     
  -668559.187804494243656890872240516849         529960.753952570096280890780265915297        -705700.633759132210844959619544525210         4.0068481159630771       0.91773005097448168       -4.6950940732366080     
   833211.627815875746314655061475207304        -1776730.79542783137683172941662101954         1512410.74007053330409710382442600718         2.8096918909621862       -1.3135976737743358       -4.6704276531024593     
  -1353208.29134420388459219104226871618        -885623.618486859634329441217925893450        -2125537.10766197317297976089323086056         3.4893089549197529        1.8807655116952835       -4.1797419188256706     
  -368003.185067584268415700159970960213         220576.971318002122698513122189822856        -462240.946021157604998517874211883006        -1.3592389937334062        3.1247977125143009        1.1064298576490796     
  -715588.164035294030655585978406563212         369958.074308014581876977135976858343        -390256.337158862038971606848170026171        -3.4570579624703526       -1.5083414172977774        2.9921619138731677     
   147151.906616774764815914930959905850         1179400.38053751652411663462527435806         517748.361945027463142959747721683057        -1.2306116679148034       -1.9537421660087475        4.2408400246379054     
  -190406.460723210411752608883784176908         13454.6138178217237844111393713086851        -251422.976260616890735557907021746609       -0.31022231128890415       0.27128961036772503       -1.0900025943694469     
   3177776.36971447478892451135069896470        -517894.315958875638348463616988937001         869768.384463833289427648832181638695       -0.32860185108742868        4.4453490202240404        1.4629165776423723     
  -593785.363639192570555471285542736865         205219.631112034716099754030893542721        -263583.996994546367665970084681603676        -2.6347627815660166      -0.77463657317022727        3.3310884593987313     
   7.06189566978836761088718018686272160E-0003  -2.76551703909380521212782455542367188        -1.10199765779683551319059327718888055E-0005   5.0185579984194110E-004 -0.19612609710486223       -1.5630901479513053E-006
  0.292722704678146495275862029594726721         276.552048227076888858855241437595396        -1.10206748482980456979813701333181108E-0005  -5.0339865901032843E-002   19.612658549936715       -1.5632425909802126E-006
