          12
   8.9000000000000004     
  -268584.127645457500051032116022975412         661704.770774789182132583718054519321         1298806.70178367368924407386499009228       -0.98535340900194845       -5.0896140718613712        1.5018295249143008     
  -668580.023414298904704230419038246630         529955.981755101264315243651120690416        -705676.219268224248221181614804109428         4.0068479627450611       0.91773051397231364       -4.6950947375325631     
   833197.017418013748062687953144234172        -1776723.96471984190638528985500821369         1512435.02629426931477862142971790859         2.8096919021140070       -1.3135977067911664       -4.6704276299785006     
  -1353226.43575070578160289942182270547        -885633.398467442308015553733835378859        -2125515.37300387045923122110169245501         3.4893089304251301        1.8807654816406736       -4.1797419668334230     
  -367996.117026479824796623102067805176         220560.722369862178232328463467482028        -462246.699454764902443563876904830701        -1.3592383541221362        3.1247977259150383        1.1064292220698255     
  -715570.187331437799541587779783569116         369965.917681752608559866937198989952        -390271.896400562754851803551892075449        -3.4570589053037164       -1.5083407896375103        2.9921618171856692     
   147158.305797272149389935578245314209         1179410.53999649996563448327013823311         517726.309576806848526359031148480468        -1.2306116003099203       -1.9537420583917542        4.2408400602136584     
  -190404.847568739314090317910066474394         13453.2031131649815484531336334805825        -251417.308247937227650597860340031524       -0.31022171605497079       0.27128910376318355       -1.0900022824169828     
   3177778.07844402222154731837457097829        -517917.431773772534733596912825959162         869760.777297617507801820103119361206       -0.32860182100205693        4.4453490170437560        1.4629165822736236     
  -593771.662872188204852976313175005913         205223.659223885897505998424095174913        -263601.318657007324441667691639068489        -2.6347629893520654      -0.77463721574399536        3.3310894102040542     
   4.45078468633053500830374510366382879E-0003  -1.74565854322327476200529816630080404        -4.39064184839167164285118161724472039E-0006   5.0241696346058887E-004 -0.19612733133873256       -9.8665029338880825E-007
  0.554488154273751090306146874220338816         174.565991505465223726512036250824167        -4.39080933951863804275784395008512590E-0006  -5.0339083743184902E-002   19.612763961568959       -9.8670923953266150E-007
