          12
   15.000000000000000     
  -268590.138301197269179651425791144344         661673.724128937330367742439829470439         1298815.86294335196103147266055710681       -0.98535339092231566       -5.0896140762862476        1.5018293859944183     
  -668555.581641177945561001993435290508         529961.579909579915881964232854395292        -705704.859343746389082012481219763301         4.0068481424769198       0.91772997084719921       -4.6950939582710269     
   833214.156538576743708312624114853435        -1776731.97766573520221516432476827054         1512406.53668564371090753765403125186         2.8096918890320293       -1.3135976680598522       -4.6704276571046410     
  -1353205.15096614254909650582880953348        -885621.925797896767804792219902498852        -2125540.86942969637700223418663725282         3.4893089591591337        1.8807655168969968       -4.1797419105166140     
  -368004.408382728442431495135545027606         220579.783635942339028982771553799570        -462239.950234236221818469201733092811        -1.3592391044308567        3.1247977101883411        1.1064299676465539     
  -715591.275387386819897327122630414945         369956.716800690128293180283236551994        -390253.644213132018938094484061807054        -3.4570577992833149       -1.5083415259324719        2.9921619306162328     
   147150.799066268376143677596434855549         1179398.62216955873455965007612356041         517752.178701046866393226034142038812        -1.2306116796155797       -1.9537421846347158        4.2408400184804362     
  -190406.739923336930972279473772701419         13454.8579785105112485855878429186201        -251423.957262976117693195479418921672       -0.31022241430932135       0.27128969804884134       -1.0900026483569174     
   3177776.07397280646704752179489139582        -517890.315144757189034957984841156513         869769.701088752806853672195352977737       -0.32860185629452171        4.4453490207744473        1.4629165768408012     
  -593787.734925679798766530826936715954         205218.933939168909950784294715653276        -263580.999015006960869680160408634601        -2.6347627456080391      -0.77463646195449987        3.3310882948387253     
   7.51352206127447286532162681882418553E-0003  -2.94203046279567282045644405208406624        -1.24716525470204225137183312487576250E-0005   5.0175839759866942E-004 -0.19612595780205255       -1.6628563395440068E-006
  0.247416776748559042077438632767361071         294.203435955609843871494391009946412        -1.24724971845546774273816288087498449E-0005  -5.0339973349011066E-002   19.612647737079886       -1.6630293735540374E-006
