          12
   12.400000000000000     
  -268587.576382370853216655013501190648         661686.957125533223389871693154162839         1298811.95818687140018932034413179374       -0.98535339862841831       -5.0896140744006031        1.5018294452062182     
  -668565.999446248808948031149834711989         529959.193811354787134601011105994317        -705692.652099023120315095290999707301         4.0068480658776204       0.91773020233161606       -4.6950942904008333     
   833206.851339658011639199366449304335        -1776728.56231177678555526796705388284         1512418.67979753715253598370937826445         2.8096918946080107       -1.3135976845683350       -4.6704276455427500     
  -1353214.22316942044157505149193365664        -885626.815788221164649209973529497854        -2125530.00210069782869448397066847177         3.4893089469119745        1.8807655018697875       -4.1797419345205382     
  -368000.874361472654939007003727091669         220571.659161887117458470718434071490        -462242.826951738997832495768197658160        -1.3592387846345986        3.1247977169024663        1.1064296498707373     
  -715582.287036495827519831686158724463         369960.638488249569697888210484393320        -390261.423834088746089298685992829962        -3.4570582707090418       -1.5083412120998652        2.9921618822543743     
   147153.998656591433698735580382077605         1179403.70189916883393588585282607548         517741.152516975692608597250932156426        -1.2306116458132808       -1.9537421308263228        4.2408400362685787     
  -190405.933345446626068348772164995364         13454.1526256248757899253083586410536        -251421.123256293144859577073646494931       -0.31022211669410593       0.27128944474748523       -1.0900024923896507     
   3177776.92833761327728161435492160156        -517901.873052209135496365906004001526         869765.897505650010431167352131787097       -0.32860184125181613        4.4453490191843592        1.4629165791564442     
  -593780.884542406173123220803899968729         205220.947994387667961016533113571812        -263589.659845191557058765404741862421        -2.6347628494906594      -0.77463678324354424        3.3310887702362746     
   6.20858450374414874700776043048300323E-0003  -2.43210242286843228995754651045047012        -8.52290469098499621092202704409843037E-0006   5.0203965614824785E-004 -0.19612640317649893       -1.3746410899027046E-006
  0.378300296276784717332134291845058272         243.210508582668690463757243946929520        -8.52337451045871886467766348102724545E-0006  -5.0339650253374522E-002   19.612683268636637       -1.3747581859372737E-006
