          12
   15.700000000000001     
  -268590.828048570188647331456049949235         661670.161399083752334119388205380145         1298816.91422391657754858849960211139       -0.98535338884758850       -5.0896140767938274        1.5018293700527681     
  -668552.776847470994338792304456653376         529962.222320537696919883811214058156        -705708.145909485883152782769167643507         4.0068481630978505       0.91772990852739889       -4.6950938688551336     
   833216.123322898540698177662910950431        -1776732.89718410128850147941120818365         1512403.26738628264817359362626181251         2.8096918875307897       -1.3135976636152469       -4.6704276602174399     
  -1353202.70844986998365005010647177382        -885620.609262033523886073018982489936        -2125543.79524903147672481874552730117         3.4893089624564149        1.8807655209427638       -4.1797419040540094     
  -368005.359850131678064247791604124414         220581.970994338837290286480241618950        -462239.175733228925877053736986921374        -1.3592391905279559        3.1247977083779146        1.1064300531987925     
  -715593.695327801894819073930120723074         369955.660961592402711053919617256732        -390251.549699776029207942199539260729        -3.4570576723591784       -1.5083416104263649        2.9921619436403888     
   147149.937638089460029504238480768653         1179397.25455002441985702719695616745         517755.147289058126494415348894939639        -1.2306116887161695       -1.9537421991215700        4.2408400136912663     
  -190406.957079054991893222426035947603         13455.0478813230141593409923267410373        -251424.720264844663863193355013425638       -0.31022249443614108       0.27128976624517542       -1.0900026903462943     
   3177775.84395150564339492629296890488        -517887.203400442497084893929137905370         869770.725130356377210178942527285485       -0.32860186034448496        4.4453490212025368        1.4629165762173557     
  -593789.579259591936140773683616700424         205218.391693675817255618235024350314        -263578.667253245370499217067328245885        -2.6347627176417423      -0.77463637545316733        3.3310881668481098     
   7.86472641798966166590007659253913630E-0003  -3.07931859794090350074605155761275910        -1.36628104221719859582003059791413248E-0005   5.0168261889117240E-004 -0.19612585805004576       -1.7404518083907979E-006
  0.212178766818452553896559922841369428         307.932286688577588812387730854425172        -1.36637820573772411563949437442660328E-0005  -5.0340054748664952E-002   19.612640186543455       -1.7406417558270115E-006
