          12
   1.6000000000000001     
  -268576.934565492814335388369745283295         661741.924957494430316032960615046957         1298795.73842753500974916834598271728       -0.98535343063791603       -5.0896140665620688        1.5018296911621818     
  -668609.273403641620959955093606019666         529949.282319976507708128069668029880        -705641.945073235956388650645942917051         4.0068477475730759       0.91773116406571753       -4.6950956702468440     
   833176.506667071175110683225462082675        -1776714.37545641315294594538981565171         1512469.12041584966773565638364917873         2.8096919177688826       -1.3135977531411773       -4.6704275975153235     
  -1353251.90770577237018389533396156562        -885647.128055304281706213800628990664        -2125484.86088726658282754568007888450         3.4893088960372580        1.8807654394478592       -4.1797420342285294     
  -367986.194589772345782355782994876845         220537.911346394655119943816190541942        -462254.776384828955831378270308063017        -1.3592374561315286        3.1247977446178745        1.1064283297041804     
  -715544.950796598180158879259904480844         369976.928566300865095986507569136855        -390293.739181333204457501965256582809        -3.4570602288245218       -1.5083399085188158        2.9921616815957788     
   147167.289261607998448462450991058849         1179424.80231297478941041355082752782         517695.351444185003548531445738412045        -1.2306115054019291       -1.9537419073132294        4.2408401101544149     
  -190402.582953262155416797424267727490         13451.2227053033928987943375205071912        -251409.351232874250299953313991796471       -0.31022088042414053       0.27128839256105536       -1.0900018444122062     
   3177780.47723716137841799241926798988        -517949.882821580657030375245408748678         869750.098006543180041895069742885439       -0.32860177876697899        4.4453490125787063        1.4629165887750508     
  -593752.429101300987135982446529780560         205229.314078853350698006266505934990        -263625.635614573896928804860317896437        -2.6347632811346946      -0.77463811780146619        3.3310907450292198     
   7.80466545917881516060757296493477497E-0004 -0.313905291162183972767524275937489620        -1.41904366760283942195494351090212995E-0007   5.0299789698636489E-004 -0.19614063465858775       -1.7738010952517564E-007
  0.921939338859846813615953400877778279         31.3905335498552983397591020775507786        -1.41904747339040951115802569691519927E-0007  -5.0317297861027455E-002   19.614069007905684       -1.7738127537200412E-007
