          12
   15.300000000000001     
  -268590.433907214412499797537986490067         661672.197244714411858849210101851694         1298816.31349216673453780689084791086       -0.98535339003314726       -5.0896140765037865        1.5018293791622832     
  -668554.379586733876831813271901516721         529961.855228567163741018090222789638        -705706.267871928122193296616382340814         4.0068481513145633       0.91772994413856135       -4.6950939199497395     
   833214.999446143356810878324303359960        -1776732.37174503533444721644768415905         1512405.13555734637940308010828349694         2.8096918883886413       -1.3135976661550219       -4.6704276584386983     
  -1353204.10417345458938558450945333075        -885621.361568241438619172403445833931        -2125542.12335226911653634785936972661         3.4893089605722558        1.8807655186308978       -4.1797419077469264     
  -368004.816154465306521429384667420946         220580.721075255279175912114242308338        -462239.618305240428037548748169127700        -1.3592391413297120        3.1247977094125883        1.1064300043119439     
  -715592.312504718445503203189117513742         369956.264298226916805165078727668523        -390252.746564551996834579531414632913        -3.4570577448873516       -1.5083415621441143        2.9921619361978240     
   147150.429882763906430718956475089944         1179398.03604690241284553063327855691         517753.450953052102652146496120089110        -1.2306116835158338       -1.9537421908433688        4.2408400164279367     
  -190406.832990066374782196190196259533         13454.9393654243099530440270911180174        -251424.284263773324103871522894326767       -0.31022244864940535       0.27128972727585132       -1.0900026663524585     
   3177775.97539224931833602807475236393        -517888.981540050929177404988035249271         869770.139963725819016472296518749330       -0.32860185803022002        4.4453490209579156        1.4629165765736103     
  -593788.525354501683326237760907062608         205218.701548235884395968167681623117        -263579.999688526737227891413306579689        -2.6347627336223742      -0.77463642488252304        3.3310882399855508     
   7.66404470944386651795653467300617478E-0003  -3.00086824356338532091351134489798369        -1.29754977382236067398227051774250709E-0005   5.0172592300143208E-004 -0.19612591420256037       -1.6961115895441019E-006
  0.232314779472599362673693526581963908         300.087229775314735663593879166910483        -1.29763953552118926582468436834030134E-0005  -5.0340008436990144E-002   19.612644416272378       -1.6962917759505976E-006
