          12
   11.900000000000000     
  -268587.083705671168522913148241082478         661689.501932570333020281558855657548         1298811.20727214595036100173996995729       -0.98535340011035621       -5.0896140740379163        1.5018294565930950     
  -668568.002870278064788375160243383227         529958.734946242491803377653442064244        -705690.304551861951536832805453869311         4.0068480511456714       0.91773024684981441       -4.6950943542744117     
   833205.446493710439559942728671160268        -1776727.90551293370771290322102098349         1512421.01501135936804797547383660827         2.8096918956803059       -1.3135976877430340       -4.6704276433192966     
  -1353215.96782389330875167150203264295        -885627.756170971377077885214046393282        -2125527.91222972941439178519162922497         3.4893089445567309        1.8807654989799263       -4.1797419391366724     
  -368000.194742095712760396835627751953         220570.096763028343871774527018558832        -462243.380166548655074924721181117727        -1.3592387231340475        3.1247977181917803        1.1064295887581321     
  -715580.558507337808590630129357279569         369961.392658840531603750525491136622        -390262.919915027548767582702415879214        -3.4570583613666095       -1.5083411517477761        2.9921618729564705     
   147154.613962412715224013679549130974         1179404.67877023166015191034117215461         517739.032096956703128248702960867418        -1.2306116393128195       -1.9537421204785406        4.2408400396893402     
  -190405.778234402587495335928968742689         13454.0169809146800264071293234957589        -251420.578255054448747798781227391622       -0.31022205946017334       0.27128939603556212       -1.0900024623947311     
   3177777.09263853317998331606854256468        -517904.095726718651227843899231828554         869765.166047360320880711337943047524       -0.32860183835899087        4.4453490188785674        1.4629165796017578     
  -593779.567160976433103127359869333219         205221.335312794736252642327500872442        -263591.325389599531011299667904168582        -2.6347628694694967      -0.77463684502960661        3.3310888616595729     
   5.95755116709739266148398301181643433E-0003  -2.33403919570317827528529996961026427        -7.84944079834423666447395731072753009E-0006   5.0209368609886805E-004 -0.19612650666895931       -1.3192144465866102E-006
  0.403470104512813493828496738680122746         233.404164823624960783954307430576591        -7.84985446475468234747853656323828049E-0006  -5.0339582254496959E-002   19.612691885982574       -1.3193220297478405E-006
