          12
   13.600000000000001     
  -268588.758806447073326104022644722487         661680.849588643420429926542691845296         1298813.76038218925054579110101027347       -0.98535339507176078       -5.0896140752709682        1.5018294178777039     
  -668561.191228548542586059776904328039         529960.295087533480055538340908194428        -705698.286212079624854125224908685211         4.0068481012325696       0.91773009549052553       -4.6950941371074872     
   833210.222969929997145110491807429327        -1776730.13862899369598640838679992617         1512413.07528435929946691122227608872         2.8096918920344915       -1.3135976769490452       -4.6704276508790192     
  -1353210.03599868075566363785078305423        -885624.558869614759509794146563610463        -2125535.01779101260610965474784350702         3.4893089525645320        1.8807655088054369       -4.1797419234418109     
  -368002.505448102776484901004772076758         220575.408919145542683585602405926796        -462241.499236071151925302089996661104        -1.3592389322342489        3.1247977138056595        1.1064297965385270     
  -715586.435506290130734828619507581519         369958.828478708142647021741566959471        -390257.833239816650373776377724865926        -3.4570580531292650       -1.5083413569453206        2.9921619045725727     
   147152.521922607097107744864583622747         1179401.35740859694154894830586677310         517746.241525014288989997504608631103        -1.2306116614143630       -1.9537421556609809        4.2408400280587051     
  -190406.305612069075715447991070661271         13454.4781730287178670407628594540834        -251422.431259327204392575585700786427       -0.31022225405523179       0.27128956165593782       -1.0900025643758595     
   3177776.53401539960943177167730644403        -517896.538633385673922332965712911327         869767.653005544356912543891291456034       -0.32860184819460053        4.4453490199182539        1.4629165780876883     
  -593784.046257796793243690193220274438         205220.018430336747813097511561331020        -263585.662538798922657081554854485712        -2.6347628015433067      -0.77463663495661050        3.3310885508212702     
   6.81095424545555474399056300471855252E-0003  -2.66745396984339273394395974925430437        -1.02522879825277276403087964076235308E-0005   5.0190989518084507E-004 -0.19612618069635124       -1.5076641997376321E-006
  0.317892622333414762858397675793220571         266.745717315285824661197366935994069        -1.02529127675149343945097549975691708E-0005  -5.0339804486940878E-002   19.612665177183967       -1.5078057649535816E-006
