          12
   12.200000000000001     
  -268587.379311691068256129275720889279         661687.975048348088999631364526266023         1298811.65782098190347165632407833166       -0.98535339922119369       -5.0896140742555307        1.5018294497609692     
  -668566.800815861395197311433657993923         529959.010265312540093401486723800886        -705691.713080162485220329969815011807         4.0068480599848906       0.91773022013881933       -4.6950943159501692     
   833206.289401279047147196945566349797        -1776728.29959223974490120153829630914         1512419.61388306617214460173814760679         2.8096918950369290       -1.3135976858382148       -4.6704276446533690     
  -1353214.92103120972975781705904818605        -885627.191941321423011032145933274530        -2125529.16615231073994435063712060695         3.4893089459698778        1.8807655007138435       -4.1797419363669919     
  -368000.602513718188036271299901081020         220571.034202343685386086590272114439        -462243.048237666527483784193880422842        -1.3592387600344271        3.1247977174182640        1.1064296254257675     
  -715581.595624838059405468965179508726         369960.940156489575584711184674802106        -390262.022266464825034303979256478089        -3.4570583069721161       -1.5083411879590165        2.9921618785351183     
   147154.244778920336335632688129493308         1179404.09264759458528784906161668298         517740.304348968302065164751035730702        -1.2306116432130969       -1.9537421266872104        4.2408400376368851     
  -190405.871301025576603559963384526566         13454.0983677378747694071332713372509        -251420.905255795866721243849994937840       -0.31022209380054211       0.27128942526272082       -1.0900024803917299     
   3177776.99405798141193157343477315710        -517902.762122012960133327570400041377         869765.604922334161330866809103134996       -0.32860184009468590        4.4453490190620419        1.4629165793345695     
  -593780.357589835475846364410967837017         205221.102921746788113183126989191850        -263590.326062949261240000261574678570        -2.6347628574821398      -0.77463680795798051        3.3310888068055671     
   6.10817441094060688852422635886085800E-0003  -2.39287713819661576131539448830665151        -8.25019353573861267767585071298771980E-0006   5.0206127123254797E-004 -0.19612644372425089       -1.3524704571093467E-006
  0.388368223645289512539627643783468613         239.287971594565699456902407860070525        -8.25064032241116841436655547083155233E-0006  -5.0339623365850711E-002   19.612686630651741       -1.3525836997963209E-006
