          12
   6.1000000000000005     
  -268581.368655900676308767503069896417         661719.021694187549182156835581025715         1298802.49666091465625786115223316849       -0.98535341730071657       -5.0896140698292731        1.5018295886806761     
  -668591.242588479064549530305749946940         529953.412109313077588609356555204855        -705663.073002458336087321143503814325         4.0068478802240399       0.91773076330723280       -4.6950950952659705     
   833189.150280679422257878532498409669        -1776720.28664623800167221065043898767         1512448.10349161582246223881897950747         2.8096919081186948       -1.3135977245693276       -4.6704276175269683     
  -1353236.20581569250643415686929937888        -885638.664610768245116714328102336419        -2125503.66972632713530882720975867527         3.4893089172354292        1.8807654654572341       -4.1797419926836543     
  -367992.311159570474014116575056654310         220551.972936219547342699175418445624        -462249.797456107535538076423325959419        -1.3592380096977092        3.1247977331038830        1.1064288798078019     
  -715560.507565792219738352891722499320         369970.141035490440303620776063553429        -390280.274453578031082056701839277923        -3.4570594129655032       -1.5083404516714443        2.9921617651586336     
   147161.751509702053141100017707998394         1179416.01047418233563990662138287755         517714.435224611432284763581912478954        -1.2306115639070121       -1.9537420004439405        4.2408400793693097     
  -190403.978948383079222939179286910883         13452.4435040563487339111610335828924        -251414.256241781645972879624395535096       -0.31022139554096317       0.27128883097433232       -1.0900021144250251     
   3177778.99852909834761199267018361145        -517929.878751017859679800998673471195         869756.681131183650446332334404964071       -0.32860180480227952        4.4453490153311934        1.4629165847673407     
  -593764.285535661355162430731224887410         205225.828208574377224243670547743067        -263610.645708072669106160997865018198        -2.6347631012572332      -0.77463756174102405        3.3310899221861598     
   3.04359883247820202763428767966935595E-0003  -1.19650027182886117696827832368455802        -2.06257932090309373692648303668187213E-0006   5.0271449791032487E-004 -0.19612874146886036       -6.7625044339525300E-007
  0.695436530891851498187164817843530784         119.650091626542508876918091687002743        -2.06262996363803656837195692467686099E-0006  -5.0338198918168327E-002   19.612895275965130       -6.7627706553042613E-007
