          12
   4.1000000000000005     
  -268579.397949060147210348290652826005         661729.200922325755892731222740366118         1298799.49300169174753730037819021711       -0.98535342322837705       -5.0896140683773838        1.5018296342280377     
  -668599.256284180562023818860661883384         529951.576647608356271562150136000824        -705653.682812012267157046651044893749         4.0068478212723022       0.91773094141577483       -4.6950953508050794     
   833183.530896858895855538542640772476        -1776717.65945077616437996545079025514         1512457.44434684198238177203210685917         2.8096919124076991       -1.3135977372679570       -4.6704276086329415     
  -1353243.18443351755596719794005888811        -885642.426141687599916904141406082142        -2125495.31024232330358369759126802022         3.4893089078140864        1.8807654538975545       -4.1797420111480648     
  -367989.592683797102819362972447869707         220545.723340748214629773215067487503        -462252.010313622668288314919021742023        -1.3592377636723931        3.1247977382272261        1.1064286353233390     
  -715553.593446603679710581208395225898         369973.157716152380650601019240752984        -390286.258777071199272234517385626861        -3.4570597755734691       -1.5083402102691919        2.9921617280116677     
   147164.212732803864985327189085495538         1179419.91795814183215116209280104451         517705.953544439011247874007914937507        -1.2306115379048148       -1.9537419590525587        4.2408400930516947     
  -190403.358505820937137977788555787140         13451.9009265892499088025564685233699        -251412.076237672796656780063451197542       -0.31022116660091781       0.27128863612438636       -1.0900019944232462     
   3177779.65573269638091560942462499004        -517938.769449047298769290221809313816         869753.755298012334550845570668720042       -0.32860179323102634        4.4453490141078911        1.4629165865485527     
  -593759.016009378900918115985474443648         205227.377483944998443471399718340807        -263617.307888282746624033322513369621        -2.6347631811982239      -0.77463780887994305        3.3310902878919535     
   2.03796551812749709785927906824376521E-0003 -0.804240951365820895633401699242881477        -9.31795992842028881546531358355991073E-0007   5.0291538412546315E-004 -0.19613084732448799       -4.5453233947617095E-007
  0.796111475879168490823881501605718825         80.4241242496560075070366480076700100        -9.31809817076709094086378525330708286E-0007  -5.0336402801615589E-002   19.613098933953424       -4.5454361142989862E-007
