          12
   15.400000000000000     
  -268590.532442553400994694676878760116         661671.688283306757856409106022255199         1298816.46367510453689664150223048730       -0.98535338973675768       -5.0896140765762983        1.5018293768849045     
  -668553.978901918598084482769361436233         529961.947001561132455193562501571947        -705706.737381319478480461203639961765         4.0068481542604095       0.91772993523573276       -4.6950939071760409     
   833215.280415332184950860185956855759        -1776732.50310480191820175007860749252         1512404.66851458051330058622030438897         2.8096918881741786       -1.3135976655200783       -4.6704276588833844     
  -1353203.75524255850860920853129254478        -885621.173491689546631707810331324306        -2125542.54132645984506605209007901179         3.4893089610432959        1.8807655192088646       -4.1797419068236970     
  -368004.952078380054471554677086864158         220581.033555026207502151357475739236        -462239.507662239385755935270755356848        -1.3592391536292976        3.1247977091539560        1.1064300165336922     
  -715592.658210492027636316664240823141         369956.113464070098866479066046508714        -390252.447348358284023805490070557755        -3.4570577267553326       -1.5083415742146704        2.9921619380584175     
   147150.306821595489843566737508950827         1179397.84067268322503183373695101475         517753.875037053711235929190359605896        -1.2306116848159181       -1.9537421929129193        4.2408400157437693     
  -190406.864012311812057072596404694320         13454.9664943975246547663766755187349        -251424.393264040259273575519671783944       -0.31022246009609389       0.27128973701818476       -1.0900026723509411     
   3177775.94253206348638583175238159204        -517888.537005148830329576632447441379         869770.286255383471923775463019445864       -0.32860185860878621        4.4453490210190720        1.4629165764845466     
  -593788.788830774845803308171765522190         205218.624084594014010579657303345856        -263579.666579703652892743100943917507        -2.6347627296271887      -0.77463641252518978        3.3310882217011772     
   7.71421676046916458629153223736096834E-0003  -3.02048083427022826192090421137947942        -1.31456631505950686194292257438603613E-0005   5.0171509744958694E-004 -0.19612589995778404       -1.7071966565222107E-006
  0.227280778047306044996203958086233854         302.048494162919693911684149156826606        -1.31465789069006565162027711058664181E-0005  -5.0340020063291857E-002   19.612643338175353       -1.7073792591343597E-006
