          12
   15.200000000000001     
  -268590.335371875394365942444491190951         661672.706206122058610089673447163276         1298816.16330922870444111592858060796       -0.98535339032953673       -5.0896140764312747        1.5018293814396617     
  -668554.780271548860993676643427185930         529961.763455572304742704540375664024        -705705.798362535488534701176854824168         4.0068481483686993       0.91772995304141536       -4.6950939327234709     
   833214.718476954507224607273663252755        -1776732.24038526868719830639348211667         1512405.60260011220103703403483397238         2.8096918886031044       -1.3135976667899654       -4.6704276579940132     
  -1353204.45310435062305791759917905633        -885621.549644793272809980646809169282        -2125541.70537807829568371654760383647         3.4893089601012153        1.8807655180529310       -4.1797419086701559     
  -368004.680230551788530660677900563369         220580.408595484324987638135029399667        -462239.728948240248143121298579627544        -1.3592391290301100        3.1247977096711965        1.1064299920901715     
  -715591.966798943050169000440474675910         369956.415132382527688423259348837754        -390253.045780745523587573279078455345        -3.4570577630193551       -1.5083415500735624        2.9921619343372616     
   147150.552943932193009450479781463618         1179398.23142112139370419108819199048         517753.026869050425651702576623769388        -1.2306116822157493       -1.9537421887738180        4.2408400171121032     
  -190406.801967822082176325199087685303         13454.9122364520694847447786074434713        -251424.175263506988783199083414832125       -0.31022243720271375       0.27128971753351627       -1.0900026603539605     
   3177776.00825243509242960906514829919        -517889.426074953021909569812475382359         869769.993672068157202793493021353256       -0.32860185745165388        4.4453490208967592        1.4629165766626742     
  -593788.261878228121329749801260433657         205218.779011878990514497492214651674        -263580.332797351650000885300295649922        -2.6347627376175775      -0.77463643723985243        3.3310882582699333     
   7.61387157588005502922758743755693445E-0003  -2.98125565142497316603945045621060217        -1.28064408329588370229318010478683212E-0005   5.0173674821797241E-004 -0.19612592858963337       -1.6850265143883665E-006
  0.237348779733568365438037620074318568         298.125965279190915518947591067444591        -1.28073205514485887355440795282304078E-0005  -5.0339996776617262E-002   19.612645508599087       -1.6852043006253203E-006
