          12
   3.7000000000000002     
  -268579.003807690618753356490838735123         661731.236767953048765170762646192796         1298798.89226983623442812508519406131       -0.98535342441390594       -5.0896140680869673        1.5018296433375051     
  -668600.859023306712722619581934502214         529951.209555224665389729968995036202        -705651.804773861723271093137066500801         4.0068478094811395       0.91773097703870044       -4.6950954019144273     
   833182.407020093761215794949670510078        -1776717.13401168074925267689329055889         1512459.31251788507979776735867805115         2.8096919132654938       -1.3135977398076770       -4.6704276068541288     
  -1353244.58015708030474687601774075315        -885643.178447868696550623426599901956        -2125493.63834551810578077103430771898         3.4893089059298048        1.8807654515856107       -4.1797420148409428     
  -367989.048988701475022919900603746155         220544.473421652719022460252817907634        -462252.452885067018026853001150255929        -1.3592377144665433        3.1247977392507407        1.1064285864252876     
  -715552.210622678946146445227993737629         369973.761052226832277142722915641578        -390287.455641760918349014234385307974        -3.4570598480943024       -1.5083401619889496        2.9921617205837956     
   147164.704977417986821559734433861867         1179420.69945492379751839416290870597         517704.257208401243277279193955031629        -1.2306115327043636       -1.9537419507742735        4.2408400957881494     
  -190403.234417363454400305805558346617         13451.7924111425941665003054442673043        -251411.640236879827571206260927727520       -0.31022112081276187       0.27128859715432047       -1.0900019704221382     
   3177779.78717341321047643828458240098        -517940.547588652892993971661450558467         869753.170131377643881055373165089817       -0.32860179091677738        4.4453490138632246        1.4629165869047938     
  -593757.962104103223822928016017996839         205227.687339078435943415260056532633        -263618.640324412531719269022767448969        -2.6347631971872958      -0.77463785830754550        3.3310903610335409     
   1.83679202221802103696260757836888899E-0003 -0.725788479953765777123037006290928730        -7.58851855354198826768303829124375428E-0007   5.0295170641440718E-004 -0.19613153270262185       -4.1018832615532261E-007
  0.816245895831319533483697373221765758         72.5788717049514565948786781746093766        -7.58861638497596593774245033437939554E-0007  -5.0335658056947015E-002   19.613166086252800       -4.1019730271240729E-007
