          12
   13.200000000000001     
  -268588.364665088807510709343479016194         661682.885434273470797709257862351277         1298813.15965042027756229246759911441       -0.98535339625731433       -5.0896140749808598        1.5018294269872101     
  -668562.793967786678681760547671153411         529959.927995488161200257119093359748        -705696.408174414562420155615507510972         4.0068480894478578       0.91773013110381685       -4.6950941882047603     
   833209.099093173011779122707487488270        -1776729.61318992240841482318641775242         1512414.94345541929532571826799713932         2.8096918928923329       -1.3135976794888102       -4.6704276491002652     
  -1353211.43172226140464152850106938072        -885625.311175817819309299497032572669        -2125533.34589424249080163732417148024         3.4893089506803503        1.8807655064935567       -4.1797419271347200     
  -368001.961752539722700403551081116403         220574.159000059813875142299410825320        -462241.941807979989573905319905078338        -1.3592388830346278        3.1247977148383135        1.1064297476496499     
  -715585.052683054373650116425364942100         369959.431815241264396001943381975260        -390259.030104576991405895339815046429        -3.4570581256561095       -1.5083413086634330        2.9921618971326667     
   147153.014167270622782067344136436295         1179402.13890545755029887529663490406         517744.545189002518179938108766613410        -1.2306116562140059       -1.9537421473827645        4.2408400307953373     
  -190406.181523176611019566273341752105         13454.3696572118493826927727724518387        -251421.995258306253070468141708193592       -0.31022220826823893       0.27128952268647916       -1.0900025403807074     
   3177776.66545613842441966969722122446        -517898.316772993592299662519717884361         869767.067838913050586170317424183863       -0.32860184588033853        4.4453490196736238        1.4629165784439406     
  -593782.992352672979497731454712194960         205220.328285000616267255715841066875        -263586.994974233878799942761839147915        -2.6347628175254663      -0.77463668438564870        3.3310886239594621     
   6.61018163394031614939422639154464889E-0003  -2.58900348357841251578995156457096982        -9.65809047942502306066947758594551286E-0006   5.0195316065895789E-004 -0.19612625119350158       -1.4633232939687757E-006
  0.338028534119145907329987213452149319         258.900650122872472952417766123289766        -9.65866032955081513990478710476837771E-0006  -5.0339754266634056E-002   19.612670841378012       -1.4634564458713292E-006
