          12
   6.5000000000000000     
  -268581.762797267359487857128069743236         661716.985848559559407625705329536484         1298803.09739274830663210845427268944       -0.98535341611518124       -5.0896140701196115        1.5018295795711989     
  -668589.639849324617020128679878432315         529953.779201611276369487438936412005        -705664.951040486221196583503934007765         4.0068478920135719       0.91773072768674158       -4.6950950441596726     
   833190.274157442498173097935598718806        -1776720.81208532732145626905767565864         1512446.23532056845591763730995982229         2.8096919072608881       -1.3135977220295958       -4.6704276193057668     
  -1353234.81009212523541306411878348822        -885637.912304581599838423458248559707        -2125505.34162312347019118964341899412         3.4893089191196851        1.8807654677691619       -4.1797419889907683     
  -367992.854854784193961118004545518543         220553.222855312583742396813635266984        -462249.354884545833258298217910420314        -1.3592380589019857        3.1247977320780600        1.1064289287035354     
  -715561.890389542901475981889758415403         369969.537699300115597253437726976707        -390279.077588870481464399867510550723        -3.4570593404431511       -1.5083404999521028        2.9921617725895469     
   147161.259265075450251357322972722831         1179415.22897738050241106864679530029         517716.131560642632707130919578197832        -1.2306115691074393       -1.9537420087222082        4.2408400766328107     
  -190404.103036950453182150311270959276         13452.5520195965324500686406544724956        -251414.692242632215911374151950941063       -0.31022144132882551       0.27128886994424495       -1.0900021384246286     
   3177778.86708837596384993292621123903        -517928.100611411678273316379073065700         869757.266297817486133093712319386227       -0.32860180711653175        4.4453490155758493        1.4629165844110970     
  -593765.339440898660579394964242894190         205225.518353559566406124639592611901        -263609.313272118422794767319539133150        -2.6347630852699075      -0.77463751231305855        3.3310898490454299     
   3.24467625622018538284743391364450815E-0003  -1.27495171317794381499535760760011271        -2.34194814827225020308965893216593311E-0006   5.0267256917434829E-004 -0.19612847071663578       -7.2059367164301484E-007
  0.675301213482177821462041147904109550         127.495244490185556524020071833547263        -2.34201020011163645914161134336355148E-0006  -5.0338382966234024E-002   19.612869586258455       -7.2062413802283805E-007
