          12
   4.6000000000000005     
  -268579.890625771390920861678847098016         661726.656115291476449406047333212681         1298800.24391650601484715508993073038       -0.98535342174646456       -5.0896140687403868        1.5018296228412011     
  -668597.252860266241212191473120007807         529952.035513067932110955519237061040        -705656.030359671698170891162016360410         4.0068478360108726       0.91773089688768839       -4.6950952869191092     
   833184.935742814831643520769866029269        -1776718.31624964400469531896759045600         1512455.10913303711003274158175546659         2.8096919113354528       -1.3135977340933038       -4.6704276108564535     
  -1353241.43977906306008733956225409397        -885641.485758959928657965224030324004        -2125497.40011332772359159150044050078         3.4893089101694321        1.8807654567874807       -4.1797420065319644     
  -367990.272302694315768826177071026960         220547.285739617008284411446839001759        -462251.457099289726088382655316833004        -1.3592378251793367        3.1247977369472926        1.1064286964453600     
  -715555.321976468803612413144277226732         369972.403546032158459058694077725712        -390284.762696204872082727591608986005        -3.4570596849220716       -1.5083402706195923        2.9921617372972218     
   147163.597427033287437954276466456340         1179418.94108715971890855354620164528         517708.073964484681951286818013535636        -1.2306115444053738       -1.9537419694004108        4.2408400896311171     
  -190403.513616418546381584103732720348         13452.0365709194902402279143821539615        -251412.621238677508554304332044626584       -0.31022122383604384       0.27128868483693269       -1.0900020244242785     
   3177779.49143179904219946965183984919        -517936.546774540168366913135411522244         869754.486756305497501785484737446508       -0.32860179612383833        4.4453490144137193        1.4629165861032509     
  -593760.333390964503528654628849992065         205226.990165056004615021248427275667        -263615.642343161657352314893865141694        -2.6347631612122941      -0.77463774709535504        3.3310901964651700     
   2.28941130152456751310806673527231681E-0003 -0.902306195430859373039084170287082998        -1.17291962926098956745910690126222151E-0006   5.0286736301222721E-004 -0.19613015482102433       -5.0996217212525085E-007
  0.770943097543166199798895035777412943         90.2306561898853770886663738792776712        -1.17293988077558261773300495044471176E-0006  -5.0337071895081888E-002   19.613031415499975       -5.0997667654556638E-007
