          12
   3.5000000000000000     
  -268578.806737005676695595388775439357         661732.254690766651638348470054751286         1298798.59190390711145357414968426476       -0.98535342500667000       -5.0896140679417545        1.5018296478922382     
  -668601.660392868019383990573767384497         529951.026009027476489673439546956857        -705650.865754778784900540277158498226         4.0068478035854556       0.91773099485031551       -4.6950954274692913     
   833181.845081711065226847758857786658        -1776716.87129213266073107299197753042         1512460.24660340636168370057890175672         2.8096919136943903       -1.3135977410775366       -4.6704276059647230     
  -1353245.27801886139649433333509431772        -885643.554600958898075721095477508295        -2125492.80239711495294746291806475823         3.4893089049876629        1.8807654504296374       -4.1797420166873822     
  -367988.777141161042015263765159183149         220543.848462104817710986203183054489        -462252.674170781858169150422693816106        -1.3592376898635197        3.1247977397623528        1.1064285619761172     
  -715551.519210705701252160676473224069         369974.062720256816057509654527279971        -390288.054074104663731858492203841126        -3.4570598843546239       -1.5083401378488543        2.9921617168700494     
   147164.951099724267671832353965299935         1179421.09020331353845903786248250365         517703.409040381948824099880845928097        -1.2306115301041365       -1.9537419466351298        4.2408400971563749     
  -190403.172373141581257306836905129910         13451.7381534251118065111025995372880        -251411.422236486943207137003952755798       -0.31022109791866553       0.27128857766927794       -1.0900019584214899     
   3177779.85289377127811955117166198267        -517941.436658455653406447012354618646         869752.877548060245110001998392057444       -0.32860178975965310        4.4453490137408922        1.4629165870829139     
  -593757.435151462986900030117665139102         205227.842266652568830753736173200240        -263619.306542488395512215767491071001        -2.6347632051819407      -0.77463788302132408        3.3310903976043882     
   1.73619995302831727087243540719185830E-0003 -0.686562134117744924614173962496010972        -6.79031395150709189476950720047137213E-0007   5.0296885052259182E-004 -0.19613193294035811       -3.8801627042765468E-007
  0.826312981384424693169369127709877887         68.6562346274269387491617777641295106        -6.79039489141061735767610084914953037E-0007  -5.0335183977740318E-002   19.613205417269533       -3.8802419616655731E-007
