          12
   16.400000000000002     
  -268591.517795941655804961487735704747         661666.598669229819007812174458393909         1298817.96550447003490877249942681012       -0.98535338677285833       -5.0896140773013681        1.5018293541111125     
  -668549.972053749608756986144153522339         529962.864731451854532181581364236323        -705711.432475162786642113076363003144         4.0068481837179473       0.91772984620884046       -4.6950937794407945     
   833218.090107219286818207106826150749        -1776733.81670246426356207300051304179         1512399.99808691940648263477842139224         2.8096918860295435       -1.3135976591706355       -4.6704276633302335     
  -1353200.26593359511011126601054410653        -885619.292726167447933163326123651184        -2125546.72106836205262275508731661942         3.4893089657536831        1.8807655249885231       -4.1797418975914002     
  -368006.311317595181385118290884328472         220584.158352734067840820496586573530        -462238.401232161743782587857570787216        -1.3592392766242514        3.1247977065663095        1.1064301387498481     
  -715596.115268128122573697308395068743         369954.605122435531329780324938383281        -390249.455186410922025330231255324508        -3.4570575454342669       -1.5083416949204693        2.9921619566660964     
   147149.076209904173506408284755053718         1179395.88693047996435939504533685360         517758.115877066034168657507330557606        -1.2306116978167476       -1.9537422136084155        4.2408400089020724     
  -190407.174234829141535378060900995945         13455.2377841832544764923058761008075        -251425.483266742602328247393750348941       -0.31022257456281055       0.27128983444143112       -1.0900027323349033     
   3177775.61393020198476758277940368277        -517884.091656127505473700629590183535         869771.749171959511154168454560853219       -0.32860186439444966        4.4453490216306228        1.4629165755939084     
  -593791.423593484497419105573312592157         205217.849448243275558168022265625995        -263576.335491573373406717181177683069        -2.6347626896763368      -0.77463628895164949        3.3310880388579318     
   8.21587772435959290054504830513870672E-0003  -3.21660666557319201369971595205754511        -1.49082849852701080317809564258943180E-0005   5.0160682574456239E-004 -0.19612576476370377       -1.8180468765342946E-006
  0.176940700442862137309199890844446657         321.661132367516405944352086976323335        -1.49093957325175295439703585196260937E-0005  -5.0340134677913706E-002   19.612633282574411       -1.8182545229786970E-006
