          12
   5.1000000000000005     
  -268580.383302481893674704047786372381         661724.111308257015509818408371955937         1298800.99483131458873805129383693932       -0.98535342026455042       -5.0896140691033684        1.5018296114543621     
  -668595.249436344551220964215754172194         529952.494378505244065613081355659020        -705658.377907299186399152400861467483         4.0068478507490202       0.91773085236023588       -4.6950952230339364     
   833186.340588770231307635474315986841        -1776718.97304851025768345837013706392         1512452.77391923112592846770996235506         2.8096919102632034       -1.3135977309186482       -4.6704276130799620     
  -1353239.69512460738653629838956771177        -885640.545376230812436820863109421277        -2125499.48998432983554912346635390462         3.4893089125247712        1.8807654596774031       -4.1797420019158640     
  -367990.951921622282087668237005040337         220548.848138485161821979217977585098        -462250.903884926223028843548651378748        -1.3592378866858703        3.1247977356667573        1.1064287575667775     
  -715557.050506288601716130298724394291         369971.649375881761040199515733206689        -390283.266615333901918549267540114999        -3.4570595942702780       -1.5083403309701011        2.9921617465835673     
   147162.982121259459612562412456071560         1179417.96421617243174096210656109927         517710.194384528642362624997752540408        -1.2306115509059266       -1.9537419797482587        4.2408400862105262     
  -190403.668727044773169111807620268462         13452.1722152740868348540144300296002        -251413.166239697220870111107615674222       -0.31022128107109348       0.27128873354943916       -1.0900020544249192     
   3177779.32713090025707709204184914217        -517934.324100032885050410242921969921         869755.218214598437801577879846526243       -0.32860179901665126        4.4453490147195458        1.4629165856579482     
  -593761.650772540113287980102496632668         205226.602846197903104150120356941033        -263613.976798086281416546402533995770        -2.6347631412268191      -0.77463768531067267        3.3310901050386099     
   2.54083257339794944481854016560262721E-0003  -1.00037112814744863368079941245980535        -1.44175813089288170393828088635378069E-0006   5.0281747966412897E-004 -0.19612959470930105       -5.6539180032794239E-007
  0.745774434760516675117650656212653359         100.037157861216399107329166895397066        -1.44178652679222458328628420368630654E-0006  -5.0337554751546491E-002   19.612977136221033       -5.6540994068093558E-007
