          12
   5.4000000000000004     
  -268580.678908507839667288350643525870         661722.584424036251832904695913129015         1298801.44538019700023070844563388712       -0.98535341937540100       -5.0896140693211489        1.5018296046222575     
  -668594.047381988000109317382135820601         529952.769697756944705451846028276819        -705659.786435860346963504273753997565         4.0068478595917050       0.91773082564406872       -4.6950951847032130     
   833187.183496343213765411097604385333        -1776719.36712782924755845767178508146         1512451.37279094700182512737429707527         2.8096919096198523       -1.3135977290138532       -4.6704276144140646     
  -1353238.64833193341712568420198703475        -885639.981146592649123507981212544162        -2125500.74390692999485813220461594140         3.4893089139379714        1.8807654614113545       -4.1797419991462013     
  -367991.359692993823410814795971113254         220549.785577805746562644372277262040        -462250.571956293452106266537587897526        -1.3592379235895939        3.1247977348981477        1.1064287942393383     
  -715558.087624158724112387347515706918         369971.196873777038457495294210275468        -390282.368966809091028024661929052274        -3.4570595398790109       -1.5083403671804585        2.9921617521557544     
   147162.612937793602785520217235415420         1179417.37809357757595771552527885726         517711.466636554197665936941086250996        -1.2306115548062548       -1.9537419859569651        4.2408400841581670     
  -190403.761793434245646744579216758109         13452.2536018985357896104921998636779        -251413.493240316248378654475914562021       -0.31022131541208653       0.27128876277692388       -1.0900020724251156     
   3177779.22855036029172856001413782753        -517932.990495328441663109237946827061         869755.657089574095108509488860626347       -0.32860180075233947        4.4453490149030417        1.4629165853907664     
  -593762.441201480682669102230120117298         205226.370454897870529850659182535809        -263612.977471062998210551239219867621        -2.6347631292357523      -0.77463764823981796        3.3310900501827811     
   2.69167324617677631497063284182758025E-0003  -1.05920996259530561739783949271043184        -1.61636432464939798463891313730020259E-0006   5.0278694262402112E-004 -0.19612930689563993       -5.9864947911540484E-007
  0.730673133040730687226419273749833394         105.921046761459809154581890311419556        -1.61639851530083785628078440348466600E-0006  -5.0337783755812930E-002   19.612949393991176       -5.9866999464163358E-007
