          12
   10.000000000000000     
  -268585.211534205609060638107049578945         661699.172199309695634109693695990043         1298808.35379613731687159371153139639       -0.98535340574170471       -5.0896140726595220        1.5018294998632027     
  -668575.615881522056519167206967146861         529956.991258612762417656342345262388        -705681.383872358241467930050072609972         4.0068479951603910       0.91773041602474803       -4.6950945970012556     
   833200.108079104776015077562512090054        -1776725.40967731553530272800150990866         1512429.88882387364802533472885048837         2.8096918997549962       -1.3135976998068637       -4.6704276348701423     
  -1353222.59751087946407021140593496252        -885631.329625409006514343926153021182        -2125519.97072002839048898438223389461         3.4893089356067448        1.8807654879984175       -4.1797419566779555     
  -367997.612188743777672087458818772630         220564.159647359128898695167508847693        -462245.482382546675172003856485458707        -1.3592384894282168        3.1247977230856900        1.1064293565247276     
  -715573.990096123940730320239778095041         369964.258506810982025445024845566885        -390268.605022552605676444196225460802        -3.4570587058617641       -1.5083409224108222        2.9921618376316537     
   147156.952124503942876366966441281638         1179408.39088022321385782252289864411         517730.974500868944509951377619394448        -1.2306116146110091       -1.9537420811569282        4.2408400526881236     
  -190405.188812696228150490274089179377         13453.5015312380627561974961864388329        -251418.507250484182918492806202426231       -0.31022184197053160       0.27128921092988934       -1.0900023484104615     
   3177777.71698201561897211100439497575        -517912.541889853416575867857130077691         869762.386505857469963155437775448276       -0.32860182736626242        4.4453490177165298        1.4629165812939426     
  -593774.561111452314558369448560526422         205222.807123023339587508676040705767        -263597.654458766723733022893094712908        -2.6347629453932222      -0.77463707981578112        3.3310892090701443     
   5.00337832482651438307076977030085629E-0003  -1.96139840700879030744099851268913426        -5.54302483606771551377725683188932202E-0006   5.0229867590239848E-004 -0.19612697867992349       -1.1085913374678376E-006
  0.499115044290334377441323635005154813         196.140013890077967856351293107763922        -5.54326587348640056238904560167273012E-0006  -5.0339291334608495E-002   19.612732505862809       -1.1086664363782401E-006
