          12
   4.7000000000000002     
  -268579.989161113550747830767267965154         661726.147153884598782628365665203799         1298800.39409946818509838804833744782       -0.98535342145008187       -5.0896140688129847        1.5018296205638335     
  -668596.852175482492743027129189492491         529952.127286157175602184835755403825        -705656.499869199751224906101976230800         4.0068478389585369       0.91773088798214719       -4.6950952741420107     
   833185.216712005954465336068359704342        -1776718.44760941738227868543914533808         1512454.64209027600215395163163467629         2.8096919111210030       -1.3135977334583728       -4.6704276113011556     
  -1353241.09084817201959198946503715174        -885641.297682414221011317858878175736        -2125497.81808752833062558807997177722         3.4893089106405002        1.8807654573654655       -4.1797420056087446     
  -367990.408226477448769123861915808502         220547.598219390690209777182717587597        -462251.346456419470335986896952773529        -1.3592378374806759        3.1247977366912338        1.1064287086696918     
  -715555.667682436389302134988055215129         369972.252712004492995753714978945944        -390284.463480031049501583554350858650        -3.4570596667917441       -1.5083402826896852        2.9921617391544273     
   147163.474365878781895451596906099202         1179418.74571296267538967115773296266         517708.498048493610855585936314504621        -1.2306115457054849       -1.9537419714699806        4.2408400889469995     
  -190403.544638541502336686572771640169         13452.0636997884610586401128579092652        -251412.730238880250989880052181479890       -0.31022123528305989       0.27128869457943716       -1.0900020304244380     
   3177779.45857161940088762943669442582        -517936.102239638723938270288282836855         869754.633047964103373323952461681997       -0.32860179670240086        4.4453490144748855        1.4629165860141906     
  -593760.596867280424900427772127997656         205226.912701281912926185038714699248        -263615.309234142925103074702741778874        -2.6347631572151626      -0.77463773473842612        3.3310901781798403     
   2.33969754570741181283000456603282657E-0003 -0.921919204807641912927801408628170066        -1.22447014364147529177851049032529816E-0006   5.0285750902804053E-004 -0.19613003355901742       -5.2104811412149143E-007
  0.765909384853524542567529756476041314         92.1919587382223170435313619464068324        -1.22449188020927041552303561924817994E-0006  -5.0337180735999340E-002   19.613019635677922       -5.2106331345491078E-007
