          12
   10.400000000000000     
  -268585.605675567668633910076853021916         661697.136353680573780703475517128735         1298808.95452793544025465875824121306       -0.98535340455615961       -5.0896140729497343        1.5018294907537095     
  -668574.013142321634975170307479963533         529957.358350772048996501543266512968        -705683.261910186821686545620702091198         4.0068480069472754       0.91773038040821209       -4.6950945458999138     
   833201.231955864506449460162862408225        -1776725.93511639495009870667457940732         1512428.02065281934421197377604872969         2.8096918988971704       -1.3135976972671137       -4.6704276366489168     
  -1353221.20178730484452782718285401838        -885630.577319213344766315556821911793        -2125521.64261681032309292139759193672         3.4893089374909603        1.8807654903103188       -4.1797419529850579     
  -367998.155884149389311846794492488753         220565.409566448157273813911460891280        -462245.039810794286874277734672444874        -1.3592385386299362        3.1247977220561149        1.1064294054166948     
  -715575.372919591780481228554533501577         369963.655170432361431501169235502865        -390267.408157816065860101287787742296        -3.4570586333369424       -1.5083409706921564        2.9921618450675074     
   147156.459879857058394413036328529633         1179407.60938338909543788067257885652         517732.670836889472447034302171608984        -1.2306116198113979       -1.9537420894351676        4.2408400499515517     
  -190405.312901442173841849125892622408         13453.6100469302286455105994861236591        -251418.943251428346543579897265363592       -0.31022188775791648       0.27128924989955255       -1.0900023724076200     
   3177777.58554128420961554337721699501        -517910.763750246281034001423204671237         869762.971672489916291038870022056485       -0.32860182968051999        4.4453490179611723        1.4629165809376941     
  -593775.615016627274940976367600953296         205222.497268201298983680849752353469        -263596.322023097723545961109659074846        -2.6347629294087347      -0.77463703038722631        3.3310891359308088     
   5.20428917642679737684758070614954306E-0003  -2.03984917587985124321284247095320552        -5.99532976591922764386092267730615688E-0006   5.0225557586436060E-004 -0.19612686695648363       -1.1529332899824275E-006
  0.478979314264805625464419339132327025         203.985104909435965764297193913989759        -5.99560210560447101528220950887211655E-0006  -5.0339358168127922E-002   19.612722719037468       -1.1530147452979104E-006
